1 -1.0000000000 -0.1000000000 1.0000000000
2 -0.8043612877 -0.1022787503 1.0026179352
3 -0.6094830653 -0.1146987604 1.0040512800
4 -0.4140641238 -0.1374369240 1.0052947843
5 -0.2178054830 -0.1686752145 1.0063732026
6 -0.0206474292 -0.2066335722 1.0073039483
7 0.1773517639 -0.2495319329 1.0080813294
8 0.3760657065 -0.2958129028 1.0086824400
9 0.5753297793 -0.3442087447 1.0091011665
10 0.7749872960 -0.3937673413 1.0093637903
11 0.9748948470 -0.4438346152 1.0094728891
12 0.9799104655 -0.4238332080 1.0075920249
13 0.9849272681 -0.4038327200 1.0057116897
14 0.9899447229 -0.3838326722 1.0038319911
15 0.9949625086 -0.3638327543 1.0019528209
16 0.9999804302 -0.3438327919 1.0000739447
17 1.0049983521 -0.3238327290 0.9981950706
18 1.0100161392 -0.3038326216 0.9963159064
19 1.0150335980 -0.2838326439 0.9944362172
20 1.0200504097 -0.2638331063 0.9925558955
21 1.0250660447 -0.2438344857 0.9906750463
22 0.8249748294 -0.1937669493 0.9907451967
23 0.6246362908 -0.1442079570 0.9909710034
24 0.4239062997 -0.0958118246 0.9913594932
25 0.2226275722 -0.0495306837 0.9919373024
26 0.0206348407 -0.0066323766 0.9927007608
27 -0.1822005665 0.0313256145 0.9936260041
28 -0.3859380629 0.0625634960 0.9947034596
29 -0.5905173984 0.0853013998 0.9959475021
30 -0.7956386368 0.0977212618 0.9973815655
31 -1.0000000000 0.1000000000 1.0000000000
32 -1.0000000000 0.0800000000 1.0000000000
33 -1.0000000000 0.0600000000 1.0000000000
34 -1.0000000000 0.0400000000 1.0000000000
35 -1.0000000000 0.0200000000 1.0000000000
36 -1.0000000000 0.0000000000 1.0000000000
37 -1.0000000000 -0.0200000000 1.0000000000
38 -1.0000000000 -0.0400000000 1.0000000000
39 -1.0000000000 -0.0600000000 1.0000000000
40 -1.0000000000 -0.0800000000 1.0000000000
41 -0.8036312393 -0.0821009716 1.0021352804
42 -0.6076605065 -0.0945668740 1.0032638797
43 -0.4113076315 -0.1173154649 1.0042560528
44 -0.2142923359 -0.1485821967 1.0051136245
45 -0.0165573033 -0.1865649616 1.0058546631
46 0.1818493634 -0.2294857500 1.0064743682
47 0.3808286877 -0.2757846617 1.0069547338
48 0.5802473132 -0.3241938721 1.0072906107
49 0.7799806387 -0.3737617539 1.0075031916
50 -0.8027934086 -0.0619570823 1.0016221442
51 -0.6057864417 -0.0744668649 1.0024581848
52 -0.4085092407 -0.0972210002 1.0032007066
53 -0.2107442453 -0.1285102362 1.0038416851
54 -0.0124388755 -0.1665119978 1.0043963101
55 0.1863693110 -0.2094502069 1.0048613039
56 0.3856073827 -0.2557630634 1.0052232637
57 0.5851747053 -0.3041826557 1.0054780626
58 0.7849780848 -0.3537575485 1.0056416062
59 -0.8018916728 -0.0418512540 1.0010905750
60 -0.6038763978 -0.0543960727 1.0016429504
61 -0.4056853283 -0.0771534683 1.0021370611
62 -0.2071742820 -0.1084587649 1.0025636260
63 -0.0083029910 -0.1464742319 1.0029335491
64 0.1909029626 -0.1894248846 1.0032452708
65 0.3903957055 -0.2357477395 1.0034899694
66 0.5901080398 -0.2841747612 1.0036645303
67 0.7899779621 -0.3337545930 1.0037794886
68 -0.8009539440 -0.0217865624 1.0005478434
69 -0.6019437441 -0.0343536944 1.0008224063
70 -0.4028466123 -0.0571129185 1.0010690706
71 -0.2035915690 -0.0884277851 1.0012823705
72 -0.0041569683 -0.1264515430 1.0014685302
73 0.1954445068 -0.1694096629 1.0016277185
74 0.3951895733 -0.2157385419 1.0017557454
75 0.5950447525 -0.2641700377 1.0018504850
76 0.7949791960 -0.3137528245 1.0019170812
77 -0.7999999537 -0.0017648027 0.9999997443
78 -0.6000002105 -0.0143395620 0.9999993990
79 -0.4000010589 -0.0370993727 0.9999991578
80 -0.2000029866 -0.0684173898 0.9999996981
81 -0.0000062764 -0.1064439025 1.0000025211
82 0.1999896625 -0.1494045090 1.0000094993
83 0.3999859791 -0.1957354093 1.0000211120
84 0.5999829988 -0.2441684181 1.0000362102
85 0.7999810369 -0.2937522122 1.0000545428
86 -0.7990459641 0.0182134404 0.9994516456
87 -0.5980566783 0.0056463374 0.9991763911
88 -0.3971555077 -0.0171128344 0.9989292421
89 -0.1964144061 -0.0484276201 0.9987170184
90 0.0041444145 -0.0864513058 0.9985364992
91 0.2045348185 -0.1294094159 0.9983912669
92 0.4047823865 -0.1757383255 0.9982864650
93 0.6049212471 -0.2241698826 0.9982219264
94 0.8049828788 -0.2737527467 0.9981920006
95 -0.7981082373 0.0381487515 0.9989089151
96 -0.5961240290 0.0256039910 0.9983558449
97 -0.3943167985 0.0028466998 0.9978612430
98 -0.1928316993 -0.0284584346 0.9974357408
99 0.0082904345 -0.0664737572 0.9970714419
100 0.2090763637 -0.1094243888 0.9967736726
101 0.4095762592 -0.1557473103 0.9965522066
102 0.6098579663 -0.2041744495 0.9964078525
103 0.8099841162 -0.2537544374 0.9963295820
104 -0.7972065049 0.0580429257 0.9983773480
105 -0.5942139931 0.0455332308 0.9975406073
106 -0.3914928985 0.0227792517 0.9967975832
107 -0.1892617482 -0.0085097403 0.9961576444
108 0.0124263138 -0.0465112848 0.9956086167
109 0.2136100166 -0.0894494601 0.9951575654
110 0.4143645907 -0.1357624251 0.9948188670
111 0.6147913135 -0.1841821852 0.9945942685
112 0.8149840007 -0.2337573151 0.9944674461
113 -0.7963686791 0.0778990386 0.9978642151
114 -0.5923399402 0.0654332537 0.9967349079
115 -0.3886945267 0.0426848709 0.9957422170
116 -0.1857136789 0.0114184653 0.9948856523
117 0.0165447325 -0.0265640077 0.9941501699
118 0.2181299660 -0.0694847546 0.9935444014
119 0.4191432990 -0.1157837977 0.9930873060
120 0.6197187269 -0.1641932455 0.9927816533
121 0.8199814603 -0.2137614409 0.9926058323
122 0.9741328388 -0.5385952705 0.0093678119
123 0.9741319700 -0.5293009078 0.1093780598
124 0.9741921714 -0.5199421020 0.2094144441
125 0.9742859868 -0.5105008838 0.3094673908
126 0.9743986387 -0.5009803550 0.4095180567
127 0.9745105645 -0.4914103355 0.5095483429
128 0.9746204253 -0.4818200047 0.6095526021
129 0.9747262366 -0.4722445364 0.7095332141
130 0.9748189363 -0.4627155260 0.8095021475
131 0.9748837348 -0.4532492705 0.9094778757
132 -1.0000000000 -0.1000000000 0.9000000000
133 -1.0000000000 -0.1000000000 0.8000000000
134 -1.0000000000 -0.1000000000 0.7000000000
135 -1.0000000000 -0.1000000000 0.6000000000
136 -1.0000000000 -0.1000000000 0.5000000000
137 -1.0000000000 -0.1000000000 0.4000000000
138 -1.0000000000 -0.1000000000 0.3000000000
139 -1.0000000000 -0.1000000000 0.2000000000
140 -1.0000000000 -0.1000000000 0.1000000000
141 -1.0000000000 -0.1000000000 0.0000000000
142 -0.8075899163 -0.1081072185 -0.0017408400
143 -0.6143975556 -0.1314317771 -0.0007754420
144 -0.4197322398 -0.1677526020 0.0007342101
145 -0.2236855652 -0.2135859375 0.0025957468
146 -0.0263110835 -0.2661200177 0.0045782310
147 0.1724991740 -0.3223800648 0.0063616227
148 0.3727818505 -0.3790261940 0.0075610880
149 0.5736051175 -0.4336704825 0.0087017053
150 0.7740336899 -0.4864975038 0.0092132645
151 0.7740465317 -0.4773432865 0.1091988564
152 0.7741553944 -0.4681894553 0.2092229388
153 0.7742854495 -0.4589855588 0.3092809309
154 0.7744019048 -0.4497144219 0.4093399863
155 0.7745155292 -0.4403784602 0.5093783002
156 0.7746352115 -0.4310181404 0.6093857845
157 0.7747585250 -0.4216718838 0.7093713441
158 0.7748757937 -0.4123562776 0.8093528455
159 0.7749702882 -0.4030637156 0.9093488015
160 0.5736605361 -0.4250219141 0.1086729954
161 0.5739716286 -0.4163227197 0.2087493516
162 0.5741686632 -0.4074671550 0.3088890300
163 0.5743362817 -0.3984327047 0.4089979532
164 0.5745238806 -0.3893404572 0.5090340546
165 0.5747277840 -0.3802695857 0.6090270341
166 0.5749352446 -0.3712396117 0.7090120767
167 0.5751323177 -0.3622400496 0.8090125902
168 0.5752975869 -0.3532423384 0.9090439838
169 0.3728606376 -0.3715135470 0.1075720988
170 0.3733091893 -0.3639355205 0.2079173409
171 0.3737831306 -0.3555295832 0.3083264896
172 0.3742368358 -0.3468937992 0.4084478039
173 0.3746618536 -0.3383311848 0.5084408318
174 0.3750567118 -0.3298402294 0.6084280630
175 0.3754195188 -0.3213813950 0.7084384068
176 0.3757444853 -0.3129192837 0.8084813017
177 0.3760094367 -0.3044115928 0.9085664238
178 0.1725993981 -0.3159711190 0.1064737362
179 0.1731774789 -0.3093727602 0.2066882368
180 0.1739220010 -0.3024858038 0.3069543051
181 0.1746598934 -0.2952986093 0.4071828636
182 0.1753246749 -0.2879358786 0.5073375573
183 0.1759157095 -0.2804750959 0.6074527979
184 0.1764403310 -0.2729302090 0.7075666511
185 0.1768994994 -0.2652835164 0.8077036996
186 0.1772699548 -0.2574972170 0.9078798656
187 -0.0261736870 -0.2613955074 0.1048395968
188 -0.0254216353 -0.2563997106 0.2051251322
189 -0.0246277584 -0.2511070478 0.3054172960
190 -0.0238431794 -0.2455250331 0.4056984378
191 -0.0230968026 -0.2396609514 0.5059604407
192 -0.0224043655 -0.2335460448 0.6062039612
193 -0.0217725318 -0.2272003994 0.7064448469
194 -0.0212099767 -0.2206192092 0.8067032840
195 -0.0207510055 -0.2137725945 0.9069955306
196 -0.2235476472 -0.2107660482 0.1030236025
197 -0.2227997550 -0.2075218786 0.2034421242
198 -0.2220091439 -0.2038794478 0.3038201600
199 -0.2212378479 -0.1998773270 0.4041683816
200 -0.2204894061 -0.1955419559 0.5044978712
201 -0.2197675725 -0.1908821321 0.6048245629
202 -0.2190823406 -0.1858927833 0.7051650066
203 -0.2184513583 -0.1805534197 0.8055348751
204 -0.2179245008 -0.1748235773 0.9059474413
205 -0.4196192367 -0.1666970997 0.1013256386
206 -0.4189741689 -0.1650846308 0.2018640528
207 -0.4182804379 -0.1629830952 0.3023141310
208 -0.4175855136 -0.1604802033 0.4026974392
209 -0.4168841990 -0.1576256491 0.5030477321
210 -0.4161736347 -0.1544330701 0.6034013051
211 -0.4154639335 -0.1508767000 0.7037907879
212 -0.4147841221 -0.1469029039 0.8042390860
213 -0.4141975772 -0.1424366435 0.9047537428
214 -0.6143398309 -0.1318121314 0.0999588141
215 -0.6138936389 -0.1314721780 0.2006148885
216 -0.6134129340 -0.1305856183 0.3010865464
217 -0.6128845031 -0.1293309513 0.4014303038
218 -0.6123016929 -0.1278044193 0.5017169281
219 -0.6116635450 -0.1260239246 0.6020114814
220 -0.6109761861 -0.1239406080 0.7023687737
221 -0.6102635269 -0.1214491341 0.8028310765
222 -0.6096278493 -0.1184040180 0.9034221644
223 -0.8075336629 -0.1091779410 0.0992802274
224 -0.8074789178 -0.1093969001 0.1999647437
225 -0.8072818843 -0.1091773767 0.3003353028
226 -0.8069927530 -0.1087665381 0.4005481685
227 -0.8066325397 -0.1082474351 0.5007027745
228 -0.8062064983 -0.1076299076 0.6008657260
229 -0.8057058663 -0.1068691448 0.7010910373
230 -0.8051188531 -0.1058640217 0.8014320687
231 -0.8044529885 -0.1044117535 0.9019452122
232 -1.0000000000 0.1000000000 0.9000000000
233 -1.0000000000 0.1000000000 0.8000000000
234 -1.0000000000 0.1000000000 0.7000000000
235 -1.0000000000 0.1000000000 0.6000000000
236 -1.0000000000 0.1000000000 0.5000000000
237 -1.0000000000 0.1000000000 0.4000000000
238 -1.0000000000 0.1000000000 0.3000000000
239 -1.0000000000 0.1000000000 0.2000000000
240 -1.0000000000 0.1000000000 0.1000000000
241 -1.0000000000 0.1000000000 0.0000000000
242 -1.0000000000 0.0800000000 0.0000000000
243 -1.0000000000 0.0600000000 0.0000000000
244 -1.0000000000 0.0400000000 0.0000000000
245 -1.0000000000 0.0200000000 0.0000000000
246 -1.0000000000 0.0000000000 0.0000000000
247 -1.0000000000 -0.0200000000 0.0000000000
248 -1.0000000000 -0.0400000000 0.0000000000
249 -1.0000000000 -0.0600000000 0.0000000000
250 -1.0000000000 -0.0800000000 0.0000000000
251 -1.0000000000 -0.0800000000 0.1000000000
252 -1.0000000000 -0.0800000000 0.2000000000
253 -1.0000000000 -0.0800000000 0.3000000000
254 -1.0000000000 -0.0800000000 0.4000000000
255 -1.0000000000 -0.0800000000 0.5000000000
256 -1.0000000000 -0.0800000000 0.6000000000
257 -1.0000000000 -0.0800000000 0.7000000000
258 -1.0000000000 -0.0800000000 0.8000000000
259 -1.0000000000 -0.0800000000 0.9000000000
260 -1.0000000000 -0.0600000000 0.1000000000
261 -1.0000000000 -0.0600000000 0.2000000000
262 -1.0000000000 -0.0600000000 0.3000000000
263 -1.0000000000 -0.0600000000 0.4000000000
264 -1.0000000000 -0.0600000000 0.5000000000
265 -1.0000000000 -0.0600000000 0.6000000000
266 -1.0000000000 -0.0600000000 0.7000000000
267 -1.0000000000 -0.0600000000 0.8000000000
268 -1.0000000000 -0.0600000000 0.9000000000
269 -1.0000000000 -0.0400000000 0.1000000000
270 -1.0000000000 -0.0400000000 0.2000000000
271 -1.0000000000 -0.0400000000 0.3000000000
272 -1.0000000000 -0.0400000000 0.4000000000
273 -1.0000000000 -0.0400000000 0.5000000000
274 -1.0000000000 -0.0400000000 0.6000000000
275 -1.0000000000 -0.0400000000 0.7000000000
276 -1.0000000000 -0.0400000000 0.8000000000
277 -1.0000000000 -0.0400000000 0.9000000000
278 -1.0000000000 -0.0200000000 0.1000000000
279 -1.0000000000 -0.0200000000 0.2000000000
280 -1.0000000000 -0.0200000000 0.3000000000
281 -1.0000000000 -0.0200000000 0.4000000000
282 -1.0000000000 -0.0200000000 0.5000000000
283 -1.0000000000 -0.0200000000 0.6000000000
284 -1.0000000000 -0.0200000000 0.7000000000
285 -1.0000000000 -0.0200000000 0.8000000000
286 -1.0000000000 -0.0200000000 0.9000000000
287 -1.0000000000 0.0000000000 0.1000000000
288 -1.0000000000 0.0000000000 0.2000000000
289 -1.0000000000 0.0000000000 0.3000000000
290 -1.0000000000 0.0000000000 0.4000000000
291 -1.0000000000 0.0000000000 0.5000000000
292 -1.0000000000 0.0000000000 0.6000000000
293 -1.0000000000 0.0000000000 0.7000000000
294 -1.0000000000 0.0000000000 0.8000000000
295 -1.0000000000 0.0000000000 0.9000000000
296 -1.0000000000 0.0200000000 0.1000000000
297 -1.0000000000 0.0200000000 0.2000000000
298 -1.0000000000 0.0200000000 0.3000000000
299 -1.0000000000 0.0200000000 0.4000000000
300 -1.0000000000 0.0200000000 0.5000000000
301 -1.0000000000 0.0200000000 0.6000000000
302 -1.0000000000 0.0200000000 0.7000000000
303 -1.0000000000 0.0200000000 0.8000000000
304 -1.0000000000 0.0200000000 0.9000000000
305 -1.0000000000 0.0400000000 0.1000000000
306 -1.0000000000 0.0400000000 0.2000000000
307 -1.0000000000 0.0400000000 0.3000000000
308 -1.0000000000 0.0400000000 0.4000000000
309 -1.0000000000 0.0400000000 0.5000000000
310 -1.0000000000 0.0400000000 0.6000000000
311 -1.0000000000 0.0400000000 0.7000000000
312 -1.0000000000 0.0400000000 0.8000000000
313 -1.0000000000 0.0400000000 0.9000000000
314 -1.0000000000 0.0600000000 0.1000000000
315 -1.0000000000 0.0600000000 0.2000000000
316 -1.0000000000 0.0600000000 0.3000000000
317 -1.0000000000 0.0600000000 0.4000000000
318 -1.0000000000 0.0600000000 0.5000000000
319 -1.0000000000 0.0600000000 0.6000000000
320 -1.0000000000 0.0600000000 0.7000000000
321 -1.0000000000 0.0600000000 0.8000000000
322 -1.0000000000 0.0600000000 0.9000000000
323 -1.0000000000 0.0800000000 0.1000000000
324 -1.0000000000 0.0800000000 0.2000000000
325 -1.0000000000 0.0800000000 0.3000000000
326 -1.0000000000 0.0800000000 0.4000000000
327 -1.0000000000 0.0800000000 0.5000000000
328 -1.0000000000 0.0800000000 0.6000000000
329 -1.0000000000 0.0800000000 0.7000000000
330 -1.0000000000 0.0800000000 0.8000000000
331 -1.0000000000 0.0800000000 0.9000000000
332 1.0250961874 -0.2532490266 0.8906702183
333 1.0251794586 -0.2627149918 0.7906468471
334 1.0252910611 -0.2722435960 0.6906177883
335 1.0254174823 -0.2818187028 0.5906017204
336 1.0255507125 -0.2914085574 0.4906106528
337 1.0256930869 -0.3009775924 0.3906440599
338 1.0258368172 -0.3105140384 0.2906975646
339 1.0259324209 -0.3199138310 0.1907573433
340 1.0260650597 -0.3293152696 0.0907978904
341 1.0261049904 -0.3385917334 -0.0091891285
342 0.8261964893 -0.2865028041 -0.0091244899
343 0.6266375631 -0.2336688224 -0.0086669772
344 0.4273228861 -0.1790029175 -0.0077815485
345 0.2274690238 -0.1223778198 -0.0063792569
346 0.0262974651 -0.0661240561 -0.0045969501
347 -0.1763248948 -0.0135821985 -0.0025935724
348 -0.3802697550 0.0322472978 -0.0007319759
349 -0.5856029129 0.0685685572 0.0007767106
350 -0.7924099937 0.0918927537 0.0017413715
351 -0.7924663642 0.0908221250 0.1007202977
352 -0.7925212012 0.0906031068 0.2000357836
353 -0.7927180182 0.0908226756 0.2996651496
354 -0.7930071103 0.0912334630 0.3994520651
355 -0.7933672830 0.0917525855 0.4992972307
356 -0.7937933474 0.0923701159 0.5991340290
357 -0.7942940963 0.0931308861 0.6989085336
358 -0.7948812268 0.0941360178 0.7985674126
359 -0.7955471218 0.0955882845 0.8980542653
360 -0.5856610189 0.0681877449 0.1000426486
361 -0.5861062403 0.0685281228 0.1993864829
362 -0.5865869808 0.0694142004 0.2989144323
363 -0.5871147159 0.0706691757 0.3985702882
364 -0.5876972893 0.0721955810 0.4982830018
365 -0.5883356994 0.0739760877 0.5979878843
366 -0.5890234986 0.0760594404 0.6976301772
367 -0.5897366641 0.0785509545 0.7971676435
368 -0.5903726846 0.0815961095 0.8965765174
369 -0.3803819041 0.0333048953 0.0986766981
370 -0.3810280969 0.0349141309 0.1981382276
371 -0.3817173876 0.0370184376 0.2976878162
372 -0.3824116508 0.0395192993 0.3973030869
373 -0.3831132685 0.0423742264 0.4969518961
374 -0.3838242948 0.0455668740 0.5965975943
375 -0.3845351126 0.0491233204 0.6962074927
376 -0.3852163159 0.0530972405 0.7957588717
377 -0.3858040858 0.0575636340 0.8952442246
378 -0.1764567836 -0.0107731465 0.0969787435
379 -0.1771892080 -0.0075111728 0.1965592387
380 -0.1779871510 -0.0038871829 0.2961791314
381 -0.1787580519 0.0001233560 0.3958314040
382 -0.1795049657 0.0044577548 0.4955019489
383 -0.1802280797 0.0091175214 0.5951743175
384 -0.1809156990 0.0141070986 0.6948334430
385 -0.1815496534 0.0194467273 0.7944635054
386 -0.1820794354 0.0251768725 0.8940511812
387 0.0261594065 -0.0613667561 0.0951515483
388 0.0253856889 -0.0564745913 0.1948681298
389 0.0246276994 -0.0510805888 0.2945809057
390 0.0238547555 -0.0455283274 0.3943035025
391 0.0231063732 -0.0396628026 0.4940389767
392 0.0224114740 -0.0335470622 0.5937972143
393 0.0217754875 -0.0272009570 0.6935574713
394 0.0212078793 -0.0206192524 0.7932997808
395 0.0207435074 -0.0137720745 0.8930082453
396 0.2274123367 -0.1160592173 0.0934573032
397 0.2268748388 -0.1089430167 0.1932799929
398 0.2260893690 -0.1025691676 0.2930522992
399 0.2253455824 -0.0953052106 0.3928083849
400 0.2246882855 -0.0879396040 0.4926741923
401 0.2240948389 -0.0804773855 0.5925624254
402 0.2235642943 -0.0729313819 0.6924495976
403 0.2230974189 -0.0652837321 0.7923132706
404 0.2227184526 -0.0574967291 0.8921378049
405 0.4272306549 -0.1713426589 0.0924422680
406 0.4267684054 -0.1660196297 0.1920309458
407 0.4262802416 -0.1553532526 0.2915845934
408 0.4258127279 -0.1468667167 0.3916626494
409 0.4253742178 -0.1383270953 0.4916270183
410 0.4249663248 -0.1298419028 0.5916209669
411 0.4245908178 -0.1213816111 0.6916048621
412 0.4242533020 -0.1129191720 0.7915603470
413 0.4239756854 -0.1044110798 0.8914749403
414 0.6265112176 -0.2251106955 0.0913101459
415 0.6261297069 -0.2158915036 0.1912709984
416 0.6259461717 -0.2075508159 0.2911699233
417 0.6257563656 -0.1984390957 0.3910461759
418 0.6255344455 -0.1893439734 0.4910310079
419 0.6253070662 -0.1802716980 0.5910417943
420 0.6250804477 -0.1712407013 0.6910579931
421 0.6248664523 -0.1622403210 0.7910582832
422 0.6246849708 -0.1532420776 0.8910275125
423 0.8261527484 -0.2773130974 0.0908991996
424 0.8260398948 -0.2682697684 0.1908772615
425 0.8258383008 -0.2589567957 0.2908246197
426 0.8256824148 -0.2497171698 0.3907689760
427 0.8255439869 -0.2403797026 0.4907276568
428 0.8254013011 -0.2310186495 0.5907217044
429 0.8252580518 -0.2216721395 0.6907369155
430 0.8251225098 -0.2123563063 0.7907556975
431 0.8250102636 -0.2030635328 0.8907599209
432 1.0209059863 -0.3585947379 -0.0073372149
433 1.0157071032 -0.3785958059 -0.0054816445
434 1.0105094750 -0.3985962398 -0.0036255719
435 1.0053128444 -0.4185965015 -0.0017696708
436 1.0001167967 -0.4385967633 0.0000860823
437 0.9949209760 -0.4585970619 0.0019418831
438 0.9897250600 -0.4785973258 0.0037979306
439 0.9845287037 -0.4985973643 0.0056543470
440 0.9793314856 -0.5185968458 0.0075110916
441 0.8209720571 -0.3065050016 -0.0072825210
442 0.8157551312 -0.3265081364 -0.0054482187
443 0.8105414804 -0.3465107241 -0.0036153246
444 0.8053294366 -0.3665123375 -0.0017824360
445 0.8001180501 -0.3865128789 0.0000505686
446 0.7949064855 -0.4065123303 0.0018835603
447 0.7896937879 -0.4265106650 0.0037164159
448 0.7844787156 -0.4465078037 0.0055490515
449 0.7792595303 -0.4665035566 0.0073813869
450 0.6212957119 -0.2537059486 -0.0069673121
451 0.6159803310 -0.2737234595 -0.0052310862
452 0.6106835986 -0.2937312500 -0.0034863767
453 0.6053980468 -0.3137336159 -0.0017407638
454 0.6001175138 -0.3337322970 0.0000041121
455 0.5948368941 -0.3537278092 0.0017479466
456 0.5895514854 -0.3737200528 0.0034904509
457 0.5842561276 -0.3937085636 0.0052310560
458 0.5789440475 -0.4136925217 0.0069687899
459 0.4217803371 -0.1989577899 -0.0061700871
460 0.4163006974 -0.2189693137 -0.0046715502
461 0.4108631125 -0.2390004318 -0.0031796876
462 0.4054514990 -0.2590332009 -0.0016673696
463 0.4000523188 -0.2790589990 -0.0001340569
464 0.3946531431 -0.2990740271 0.0014126988
465 0.3892415430 -0.3190771099 0.0029635649
466 0.3838039803 -0.3390686787 0.0045095497
467 0.3783243682 -0.3590505203 0.0060432153
468 0.2218349795 -0.1423843881 -0.0051373224
469 0.2162993981 -0.1623783008 -0.0038630079
470 0.2108287390 -0.1823692744 -0.0025822263
471 0.2053984959 -0.2023615751 -0.0013015794
472 0.1999879206 -0.2223569459 -0.0000221226
473 0.1945774259 -0.2423559051 0.0012563027
474 0.1891470247 -0.2623583490 0.0025338720
475 0.1836749781 -0.2823638064 0.0038106028
476 0.1781361059 -0.3023714761 0.0050864853
477 0.0208751026 -0.0860650305 -0.0036614624
478 0.0155660875 -0.1060208062 -0.0027415326
479 0.0103343658 -0.1259895926 -0.0018271268
480 0.0051507463 -0.1459709353 -0.0009149258
481 -0.0000097371 -0.1659647670 -0.0000035864
482 -0.0051700361 -0.1859710890 0.0009077424
483 -0.0103529945 -0.2059898681 0.0018199170
484 -0.0155833182 -0.2260210120 0.0027340830
485 -0.0208901515 -0.2460643967 0.0036521637
486 -0.1812176733 -0.0334907438 -0.0020619888
487 -0.1859992916 -0.0534193291 -0.0015406787
488 -0.1907061273 -0.0733681798 -0.0010249294
489 -0.1953664423 -0.0933375287 -0.0005122084
490 -0.2000044044 -0.1133275202 -0.0000008295
491 -0.2046424420 -0.1333381993 0.0005105888
492 -0.2093030016 -0.1533695101 0.0010234359
493 -0.2140102979 -0.1734213019 0.0015394649
494 -0.2187925686 -0.1934933989 0.0020615434
495 -0.3843644099 0.0123833327 -0.0005626740
496 -0.3883534300 -0.0075126324 -0.0004121263
497 -0.3922718402 -0.0274389606 -0.0002705771
498 -0.3961467946 -0.0473949526 -0.0001335895
499 -0.4000010057 -0.0673802952 0.0000014207
500 -0.4038552077 -0.0873948997 0.0001364337
501 -0.4077301339 -0.1074388671 0.0002734268
502 -0.4116484915 -0.1275125269 0.0004149658
503 -0.4156374468 -0.1476165860 0.0005654097
504 -0.5885882220 0.0487254589 0.0006484749
505 -0.5914992657 0.0288474574 0.0004987865
506 -0.5943595525 0.0089351884 0.0003378398
507 -0.5971877218 -0.0110118297 0.0001706443
508 -0.6000002493 -0.0309941290 0.0000005653
509 -0.6028127771 -0.0510119165 -0.0001695137
510 -0.6056409474 -0.0710649794 -0.0003367090
511 -0.6085012379 -0.0911527780 -0.0004976520
512 -0.6114122902 -0.1112748247 -0.0006473166
513 -0.7939888940 0.0721691825 0.0014481821
514 -0.7955286642 0.0523813907 0.0011121768
515 -0.7970369964 0.0325319704 0.0007525400
516 -0.7985238621 0.0126219906 0.0003795124
517 -0.7999999192 -0.0073480502 0.0000002826
518 -0.8014759787 -0.0273779984 -0.0003789474
519 -0.8029628522 -0.0474680090 -0.0007519756
520 -0.8044711972 -0.0676185829 -0.0011116139
521 -0.8060109831 -0.0878307908 -0.0014476253
522 0.9793233639 -0.5093037903 0.1075157942
523 0.9845157626 -0.4893056818 0.1056563874
524 0.9897085233 -0.4693071165 0.1037991325
525 0.9949014316 -0.4493083832 0.1019433848
526 1.0000944459 -0.4293096146 0.1000885217
527 1.0052875342 -0.4093108345 0.0982339112
528 1.0104805895 -0.3893119875 0.0963788566
529 1.0156735319 -0.3693129894 0.0945224600
530 1.0208670163 -0.3493138800 0.0926632341
531 0.9793659507 -0.4999464166 0.2075388683
532 0.9845425998 -0.4799488528 0.2056701764
533 0.9897205578 -0.4599504360 0.2038062699
534 0.9948995056 -0.4399516158 0.2019453898
535 1.0000796004 -0.4199524749 0.2000859752
536 1.0052609742 -0.3999527579 0.1982265563
537 1.0104430724 -0.3799517215 0.1963656607
538 1.0156232489 -0.3599477288 0.1945017176
539 1.0207934585 -0.3399373876 0.1926329547
540 0.9794387977 -0.4905046692 0.3075765459
541 0.9845927851 -0.4705074078 0.3056952738
542 0.9897473479 -0.4505095016 0.3038207269
543 0.9949022391 -0.4305111582 0.3019503988
544 1.0000573387 -0.4105124621 0.3000820079
545 1.0052125149 -0.3905134148 0.2982133952
546 1.0103675698 -0.3705139652 0.2963424582
547 1.0155223667 -0.3505140664 0.2944671639
548 1.0206775237 -0.3305138424 0.2925857640
549 0.9795266177 -0.4809830693 0.4076147368
550 0.9846555220 -0.4609850940 0.4057225264
551 0.9897850479 -0.4409864534 0.4038382016
552 0.9949149746 -0.4209871579 0.4019589459
553 1.0000451205 -0.4009872125 0.4000821789
554 1.0051753245 -0.3809866241 0.3982054325
555 1.0103054468 -0.3609854070 0.3963262347
556 1.0154353637 -0.3409835731 0.3944419492
557 1.0205648629 -0.3209810726 0.3925494331
558 0.9796141464 -0.4714114254 0.5076380439
559 0.9847181240 -0.4514122661 0.5057390078
560 0.9898223633 -0.4314128215 0.5038480937
561 0.9949267505 -0.4114130715 0.5019624369
562 1.0000311824 -0.3914130058 0.5000793594
563 1.0051355601 -0.3714126216 0.4981962716
564 1.0102397845 -0.3514119229 0.4963105753
565 1.0153437534 -0.3314109298 0.4944195759
566 1.0204473799 -0.3114097178 0.4925204620
567 0.9797007415 -0.4618191946 0.6076414877
568 0.9847806937 -0.4418185774 0.6057413374
569 0.9898603602 -0.4218181220 0.6038490334
570 0.9949398256 -0.4018178045 0.6019617965
571 1.0000191785 -0.3818176110 0.6000770487
572 1.0050985116 -0.3618175393 0.5981923085
573 1.0101779200 -0.3418175994 0.5963050996
574 1.0152574999 -0.3218178134 0.5944128618
575 1.0203373397 -0.3018182006 0.5925128315
576 0.9797842510 -0.4522421505 0.7076277380
577 0.9848412640 -0.4322404231 0.7057318243
578 0.9898975330 -0.4122392414 0.7038427279
579 0.9949533023 -0.3922385266 0.7019580096
580 1.0000088141 -0.3722382322 0.7000754331
581 1.0050643116 -0.3522383425 0.6981928619
582 1.0101200378 -0.3322388710 0.6963081590
583 1.0151762343 -0.3122398604 0.6944190846
584 1.0202331486 -0.2922413873 0.6925231914
585 0.9798570150 -0.4427125234 0.8076066848
586 0.9848937627 -0.4227104970 0.8057181160
587 0.9899294989 -0.4027091876 0.8038343566
588 0.9949645569 -0.3827084368 0.8019536510
589 0.9999992724 -0.3627081594 0.8000744308
590 1.0050339816 -0.3427083287 0.7981952135
591 1.0100690209 -0.3227089716 0.7963145174
592 1.0151047274 -0.3027101743 0.7944307783
593 1.0201414351 -0.2827120975 0.7925422511
594 0.9799065966 -0.4332467569 0.9075926792
595 0.9849282592 -0.4132450821 0.9057104511
596 0.9899491829 -0.3932440161 0.9038304236
597 0.9949696766 -0.3732434174 0.9019518524
598 0.9999899713 -0.3532432095 0.9000740074
599 1.0050102653 -0.3332433684 0.8981961651
600 1.0100307566 -0.3132439186 0.8963176022
601 1.0150516760 -0.2932449363 0.8944375896
602 1.0200733322 -0.2732465618 0.8925553826
603 -0.8035588243 -0.0842269118 0.9015773425
604 -0.6077131444 -0.0982696707 0.9027429669
605 -0.4113504357 -0.1223165060 0.9038035458
606 -0.2143335038 -0.1547310055 0.9047574266
607 -0.0165939878 -0.1937044975 0.9055958741
608 0.1818213875 -0.2374510386 0.9063047692
609 0.3808114466 -0.2843830327 0.9068565494
610 0.5802404683 -0.3332270056 0.9072418271
611 0.7799770354 -0.3830575229 0.9074903509
612 -0.8026714604 -0.0640844724 0.9011978987
613 -0.6057925648 -0.0781660254 0.9020630938
614 -0.4085111183 -0.1022250992 0.9028548458
615 -0.2107483303 -0.1346598281 0.9035693119
616 -0.0124436235 -0.1736524656 0.9041980101
617 0.1863672595 -0.2174157011 0.9047310605
618 0.3856089799 -0.2643612487 0.9051476248
619 0.5851799946 -0.3132153268 0.9054402939
620 0.7849816928 -0.3630528084 0.9056316326
621 -0.8017832780 -0.0439832505 0.9008061457
622 -0.6038658537 -0.0580923925 0.9013787135
623 -0.4056741913 -0.0821606931 0.9019044778
624 -0.2071655579 -0.1146093489 0.9023803449
625 -0.0082961239 -0.1536156929 0.9027998774
626 0.1909105023 -0.1973907236 0.9031573141
627 0.3904043210 -0.2443458834 0.9034387788
628 0.5901177801 -0.2932071081 0.9036388580
629 0.7899851205 -0.3430495012 0.9037726775
630 -0.8008925374 -0.0239226788 0.9004052959
631 -0.6019343455 -0.0380483525 0.9006901895
632 -0.4028375806 -0.0621223482 0.9009522769
633 -0.2035836364 -0.0945791745 0.9011902188
634 -0.0041497518 -0.1335937480 0.9014011499
635 0.1954525733 -0.1773758177 0.9015832672
636 0.3951986347 -0.2243367218 0.9017298301
637 0.5950546959 -0.2732022165 0.9018373875
638 0.7949878559 -0.3230475378 0.9019135774
639 -0.8000000473 -0.0039025090 0.8999997363
640 -0.6000002511 -0.0180336866 0.8999993504
641 -0.4000008083 -0.0421095957 0.8999990194
642 -0.2000019496 -0.0745691064 0.8999993967
643 -0.0000037477 -0.1135864195 0.9000020408
644 0.1999942056 -0.1573708308 0.9000090123
645 0.3999925447 -0.2043336484 0.9000208008
646 0.5999912513 -0.2532005755 0.9000358754
647 0.7999902777 -0.3030468763 0.9000544109
648 -0.7991075577 0.0160773284 0.8995941769
649 -0.5980661581 0.0019516727 0.8993085105
650 -0.3971640378 -0.0221222927 0.8990457589
651 -0.1964202642 -0.0545790841 0.8988085679
652 0.0041422564 -0.0935936438 0.8986029195
653 0.2045358374 -0.1373757159 0.8984347432
654 0.4047864560 -0.1843366239 0.8983117637
655 0.6049278093 -0.2332021608 0.8982343530
656 0.8049926990 -0.2830475020 0.8981952404
657 -0.7982168190 0.0360167642 0.8991933275
658 -0.5961346538 0.0219076582 0.8986199842
659 -0.3943274328 -0.0021605820 0.8980935492
660 -0.1928383473 -0.0346091683 0.8976184216
661 0.0082886282 -0.0736154841 0.8972041551
662 0.2090779074 -0.1173905229 0.8968606558
663 0.4095807738 -0.1643456792 0.8966027819
664 0.6098647323 -0.2132069994 0.8964328537
665 0.8099954337 -0.2630494290 0.8963361281
666 -0.7973286396 0.0559155498 0.8988015752
667 -0.5942079491 0.0418340507 0.8979356000
668 -0.3914905152 0.0177750674 0.8971431667
669 -0.1892555823 -0.0146595576 0.8964294208
670 0.0124361266 -0.0536521524 0.8958059604
671 0.2136211499 -0.0974154044 0.8952868438
672 0.4143761216 -0.1443609341 0.8948938694
673 0.6148025285 -0.1932151676 0.8946313720
674 0.8149988609 -0.2430526992 0.8944771522
675 -0.7964412802 0.0757731182 0.8984221327
676 -0.5922873784 0.0617304310 0.8972557215
677 -0.3886512111 0.0376837160 0.8961944468
678 -0.1856704189 0.0052693551 0.8952412575
679 0.0165864888 -0.0337040821 0.8944080128
680 0.2181670231 -0.0774506407 0.8937130282
681 0.4191736642 -0.1243826358 0.8931849057
682 0.6197420681 -0.1732267902 0.8928297597
683 0.8200035187 -0.2230573785 0.8926184084
684 -0.8040457698 -0.0856441656 0.8011802742
685 -0.6082056047 -0.1013122280 0.8022780227
686 -0.4118044579 -0.1267785633 0.8033959073
687 -0.2147429088 -0.1604600784 0.8044292376
688 -0.0169506770 -0.2005510500 0.8053622495
689 0.1815336055 -0.2452378930 0.8061628000
690 0.3806062440 -0.2928913939 0.8067869063
691 0.5801131993 -0.3422254873 0.8072150289
692 0.7799043846 -0.3923502998 0.8074926921
693 -0.8030076889 -0.0654742718 0.8009035295
694 -0.6061488227 -0.0812026282 0.8017155148
695 -0.4088411203 -0.1066825460 0.8025488709
696 -0.2110460457 -0.1403866906 0.8033221565
697 -0.0127031424 -0.1804979891 0.8040213575
698 0.1861582969 -0.2252023052 0.8046229398
699 0.3854607935 -0.2728697343 0.8050939160
700 0.5850891002 -0.3222141720 0.8054188708
701 0.7849304413 -0.3723456855 0.8056326552
702 -0.8019932397 -0.0453538149 0.8006106429
703 -0.6040959974 -0.0611229744 0.8011468743
704 -0.4058886656 -0.0866144189 0.8016999116
705 -0.2073587223 -0.1203340594 0.8022146969
706 -0.0084643450 -0.1604601327 0.8026810886
707 0.1907757248 -0.2051769200 0.8030842115
708 0.3903098608 -0.2528543063 0.8034022071
709 0.5900612497 -0.3022061248 0.8036238377
710 0.7899545003 -0.3523424230 0.8037729472
711 -0.8009932274 -0.0252819600 0.8003076529
712 -0.6020469550 -0.0410747019 0.8005741621
713 -0.4029428620 -0.0665737323 0.8008497653
714 -0.2036779643 -0.1003024382 0.8011070387
715 -0.0042312925 -0.1404374508 0.8013412719
716 0.1953883045 -0.1851617263 0.8015462650
717 0.3951552815 -0.2328450640 0.8017113637
718 0.5950309224 -0.2822013233 0.8018295447
719 0.7949772000 -0.3323404837 0.8019135454
720 -0.8000000340 -0.0052580807 0.7999997418
721 -0.6000000882 -0.0210585317 0.7999993704
722 -0.4000002133 -0.0465601935 0.7999990119
723 -0.2000005169 -0.0802918855 0.7999992639
724 -0.0000010819 -0.1204299003 0.8000016655
725 0.1999984734 -0.1651566812 0.8000086948
726 0.3999988888 -0.2128419718 0.8000209396
727 0.5999993684 -0.2621997427 0.8000356080
728 0.7999992136 -0.3123398436 0.8000543185
729 -0.7990068410 0.0147180478 0.7996918308
730 -0.5979532220 -0.0010746841 0.7994245778
731 -0.3970575651 -0.0265737038 0.7991482559
732 -0.1963230685 -0.0603024079 0.7988914825
733 0.0042291306 -0.1004374639 0.7986620499
734 0.2046086433 -0.1451617640 0.7984711033
735 0.4048424965 -0.1928450270 0.7983305119
736 0.6049678136 -0.2422013719 0.7982416531
737 0.8050212230 -0.2923404939 0.7981950898
738 -0.7980068300 0.0346462008 0.7993888405
739 -0.5959041815 0.0188770611 0.7988518631
740 -0.3941117628 -0.0066143619 0.7982981019
741 -0.1926423074 -0.0403339990 0.7977838050
742 0.0084621893 -0.0804601585 0.7973222050
743 0.2092212239 -0.1251769932 0.7969330915
744 0.4096879184 -0.1728542543 0.7966396730
745 0.6099374859 -0.2222062199 0.7964473041
746 0.8100439093 -0.2723424430 0.7963356820
747 -0.7969923831 0.0545257517 0.7990959534
748 -0.5938513593 0.0387974251 0.7982832184
749 -0.3911593101 0.0133175399 0.7974491294
750 -0.1889549797 -0.0203866008 0.7966763145
751 0.0127009997 -0.0604980244 0.7959818863
752 0.2138386471 -0.1052024197 0.7953942637
753 0.4145369877 -0.1528696672 0.7949479596
754 0.6149096410 -0.2022143196 0.7946521869
755 0.8150679433 -0.2523457120 0.7944759601
756 -0.7959543055 0.0743558659 0.7988192082
757 -0.5917945815 0.0586878430 0.7977207048
758 -0.3881959753 0.0332215520 0.7966020739
759 -0.1852581114 -0.0004599610 0.7955691945
760 0.0169485558 -0.0405510860 0.7946409101
761 0.2184633240 -0.0852380747 0.7938543211
762 0.4193915399 -0.1328912339 0.7932547784
763 0.6198855575 -0.1822257134 0.7928559680
764 0.8200939621 -0.2323503237 0.7926158868
765 -0.8044938487 -0.0866185437 0.7009055489
766 -0.6087706276 -0.1037960801 0.7019098158
767 -0.4123433728 -0.1307488642 0.7030377705
768 -0.2152447258 -0.1657988388 0.7041327755
769 -0.0173978771 -0.2071334461 0.7051537011
770 0.1811686101 -0.2528868477 0.7060502830
771 0.3803482396 -0.3013559898 0.7067496657
772 0.5799570859 -0.3512273917 0.7072117924
773 0.7798117843 -0.4016673174 0.7075056735
774 -0.8033324766 -0.0664271126 0.7006979579
775 -0.6065691514 -0.0836806624 0.7014411509
776 -0.4092427840 -0.1106508445 0.7022812902
777 -0.2114205263 -0.1457252585 0.7031000343
778 -0.0130367086 -0.1870816174 0.7038642461
779 0.1858863464 -0.2328532421 0.7045370936
780 0.3852692004 -0.2813364371 0.7050645859
781 0.5849740038 -0.3312180099 0.7054148401
782 0.7848628927 -0.3816638495 0.7056413469
783 -0.8022046685 -0.0462921225 0.7004739995
784 -0.6043743253 -0.0635966076 0.7009648302
785 -0.4061551588 -0.0905813719 0.7015220495
786 -0.2076071309 -0.1256724497 0.7020667321
787 -0.0086853129 -0.1670446461 0.7025759361
788 0.1905961169 -0.2128293105 0.7030262068
789 0.3901843937 -0.2613225723 0.7033822266
790 0.5899872875 -0.3112113871 0.7036203035
791 0.7899123458 -0.3616614179 0.7037782140
792 -0.8010974273 -0.0262118101 0.7002394734
793 -0.6021854071 -0.0435455424 0.7004834203
794 -0.4030754526 -0.0705398596 0.7007610354
795 -0.2038011993 -0.1056406809 0.7010330883
796 -0.0043403515 -0.1470224810 0.7012884117
797 0.1953005543 -0.1928150189 0.7015168737
798 0.3950957447 -0.2413142978 0.7017016997
799 0.5949981687 -0.2912074800 0.7018273599
800 0.7949606702 -0.3416599827 0.7019159674
801 -0.7999999774 -0.0061851502 0.6999997875
802 -0.5999998422 -0.0235284146 0.6999994858
803 -0.3999995290 -0.0505260456 0.6999991643
804 -0.1999990600 -0.0856300867 0.6999992910
805 0.0000014061 -0.1270151247 0.7000012861
806 0.2000023187 -0.1728103476 0.7000083315
807 0.4000051720 -0.2213115470 0.7000220503
808 0.6000078537 -0.2712062651 0.7000352145
809 0.8000084188 -0.3216595207 0.7000541863
810 -0.7989025277 0.0137881960 0.6997601015
811 -0.5978142772 -0.0035455329 0.6995155504
812 -0.3969236052 -0.0305398549 0.6992372911
813 -0.1961969166 -0.0656407065 0.6989654895
814 0.0043431679 -0.1070225832 0.6987141441
815 0.2047040834 -0.1528152878 0.6984997994
816 0.4049145991 -0.2013142856 0.6983422747
817 0.6050175372 -0.2512077325 0.6982430812
818 0.8050561583 -0.3016600251 0.6981923949
819 -0.7977952874 0.0337078898 0.6995255750
820 -0.5956253590 0.0164034116 0.6990341380
821 -0.3938438981 -0.0105813629 0.6984762713
822 -0.1923909728 -0.0456724996 0.6979318320
823 0.0086881414 -0.0870448553 0.6974265745
824 0.2094085244 -0.1328298352 0.6969904819
825 0.4098259494 -0.1813225533 0.6966614110
826 0.6100284110 -0.2312118787 0.6964501595
827 0.8101044566 -0.2816615073 0.6963301211
828 -0.7966674808 0.0535729058 0.6993016158
829 -0.5934305328 0.0363193667 0.6985578130
830 -0.3907562715 0.0093491679 0.6977170216
831 -0.1885775573 -0.0257253293 0.6968985030
832 0.0130395561 -0.0670819459 0.6961382083
833 0.2141183077 -0.1128539782 0.6954795452
834 0.4147411415 -0.1613365238 0.6949787587
835 0.6150416761 -0.2112186963 0.6946555835
836 0.8151538673 -0.2616639984 0.6944669615
837 -0.7955061110 0.0733814808 0.6990940237
838 -0.5912290564 0.0562039590 0.6980891418
839 -0.3876556803 0.0292511506 0.6969605300
840 -0.1847533324 -0.0057989270 0.6958657156
841 0.0174007566 -0.0471339111 0.6948487198
842 0.2188360578 -0.0928877241 0.6939660942
843 0.4196621003 -0.1413564270 0.6932939885
844 0.6200585723 -0.1912282014 0.6928583845
845 0.8202049117 -0.2416675435 0.6926026429
846 -0.8048799195 -0.0873532491 0.6007192014
847 -0.6093162827 -0.1058714515 0.6016225601
848 -0.4129073620 -0.1343014760 0.6027258237
849 -0.2157906130 -0.1707879638 0.6038599309
850 -0.0179007263 -0.2134814002 0.6049592726
851 0.1807510496 -0.2604361685 0.6059556463
852 0.3800594577 -0.3098193178 0.6067378170
853 0.5797918969 -0.3602618425 0.6072202544
854 0.7797139216 -0.4110162764 0.6075155061
855 -0.8036140041 -0.0671421960 0.6005546072
856 -0.6069754465 -0.0857494261 0.6012247175
857 -0.4096636539 -0.1142006500 0.6020470535
858 -0.2118283184 -0.1507140490 0.6028950393
859 -0.0134120501 -0.1934313064 0.6037173033
860 0.1855749009 -0.2404060182 0.6044639217
861 0.3850543307 -0.2898033719 0.6050536097
862 0.5848518354 -0.3402559942 0.6054190403
863 0.7847912858 -0.3910148491 0.6056476737
864 -0.8023886925 -0.0469937479 0.6003768784
865 -0.6046436189 -0.0656605740 0.6008201634
866 -0.4064346702 -0.0941293286 0.6013658794
867 -0.2078779481 -0.1306610193 0.6019299666
868 -0.0089342748 -0.1733956058 0.6024773780
869 0.1903899925 -0.2203846129 0.6029762735
870 0.3900433252 -0.2697922583 0.6033741067
871 0.5899086735 -0.3202519452 0.6036219418
872 0.7898676222 -0.3710138516 0.6037818864
873 -0.8011883553 -0.0269056103 0.6001905192
874 -0.6023194770 -0.0456066185 0.6004110710
875 -0.4032146808 -0.0740867769 0.6006830844
876 -0.2039358227 -0.1106291427 0.6009647472
877 -0.0044636732 -0.1533742378 0.6012387839
878 0.1951992030 -0.2003718750 0.6014913202
879 0.3950284053 -0.2497858989 0.6016979156
880 0.5949634710 -0.3002496112 0.6018275481
881 0.7949432612 -0.3510132798 0.6019175461
882 -0.7999999213 -0.0068763853 0.5999998789
883 -0.5999996254 -0.0255885282 0.5999996887
884 -0.3999989816 -0.0540726321 0.5999994709
885 -0.1999978817 -0.0906185300 0.5999994461
886 0.0000033655 -0.1333671883 0.6000008389
887 0.2000054535 -0.1803677549 0.6000076803
888 0.4000115280 -0.2297841994 0.6000236688
889 0.6000172681 -0.2802489468 0.6000344688
890 0.8000185387 -0.3310131290 0.6000539487
891 -0.7988114874 0.0130943943 0.5998092385
892 -0.5976797736 -0.0056066165 0.5995883061
893 -0.3967832813 -0.0340867867 0.5993158550
894 -0.1960599357 -0.0706292123 0.5990341460
895 0.0044704207 -0.1133744508 0.5987628759
896 0.2048116745 -0.1603722573 0.5985239889
897 0.4049946500 -0.2097870012 0.5983498875
898 0.6050710928 -0.2602499590 0.5982413391
899 0.8050937921 -0.3110133918 0.5981903380
900 -0.7976111503 0.0330062614 0.5996228788
901 -0.5953556312 0.0143394300 0.5991792131
902 -0.3935632880 -0.0141293480 0.5986330525
903 -0.1921177959 -0.0506611621 0.5980689311
904 0.0089410742 -0.0933960135 0.5975242165
905 0.2096207982 -0.1403854554 0.5970389456
906 0.4099797281 -0.1897940294 0.5966747173
907 0.6101259713 -0.2402527185 0.5964468584
908 0.8101693564 -0.2910140564 0.5963259454
909 -0.7963858392 0.0528578180 0.5994451492
910 -0.5930238026 0.0342505800 0.5987746579
911 -0.3903342971 0.0057993218 0.5979518650
912 -0.1881674050 -0.0307142719 0.5971038726
913 0.0134189399 -0.0734318743 0.5962841407
914 0.2144357574 -0.1204074771 0.5955513809
915 0.4149687191 -0.1698049411 0.5949956064
916 0.6151829323 -0.2202573492 0.5946498491
917 0.8152455641 -0.2710151102 0.5944600258
918 -0.7951199246 0.0726467697 0.5992805540
919 -0.5906829650 0.0541285567 0.5983768134
920 -0.3870905780 0.0256984869 0.5972730766
921 -0.1842050851 -0.0107882697 0.5961390065
922 0.0179077384 -0.0534821085 0.5950419078
923 0.2192594772 -0.1004383578 0.5940601215
924 0.4199635868 -0.1498198900 0.5933098531
925 0.6202429897 -0.2002638928 0.5928491096
926 0.8203227523 -0.2510165722 0.5925919486
927 -0.8052100342 -0.0879507443 0.5005816553
928 -0.6098238451 -0.1076454709 0.5013831288
929 -0.4134729015 -0.1374909123 0.5024417739
930 -0.2163661870 -0.1754477218 0.5035982821
931 -0.0184516057 -0.2195994183 0.5047634725
932 0.1802814036 -0.2679043406 0.5058588586
933 0.3797449047 -0.3183173918 0.5067427230
934 0.5796282898 -0.3693401002 0.5072213422
935 0.7796184495 -0.4203801160 0.5075087469
936 -0.8038557570 -0.0677246417 0.5004473356
937 -0.6073540623 -0.0875181886 0.5010429898
938 -0.4100862339 -0.1173878099 0.5018333882
939 -0.2122587640 -0.1553737304 0.5026986666
940 -0.0138233000 -0.1995517002 0.5035697766
941 0.1852247976 -0.2478799616 0.5043885548
942 0.3848200555 -0.2983069462 0.5050547087
943 0.5847303263 -0.3493400458 0.5054170997
944 0.7847213586 -0.4003813177 0.5056420685
945 -0.8025472054 -0.0475656677 0.5003034273
946 -0.6048949246 -0.0674254210 0.5006980244
947 -0.4067156234 -0.0973149024 0.5012232036
948 -0.2081641931 -0.1353206018 0.5017990486
949 -0.0092072939 -0.1795176916 0.5023784800
950 0.1901579783 -0.2278626693 0.5029245778
951 0.3898893194 -0.2782994472 0.5033742622
952 0.5898306470 -0.3293401455 0.5036191812
953 0.7898242772 -0.3803821815 0.5037777146
954 -0.8012668320 -0.0274713110 0.5001532606
955 -0.6024447342 -0.0473690578 0.5003498067
956 -0.4033548238 -0.0772714174 0.5006118278
957 -0.2040785122 -0.1152886412 0.5008994333
958 -0.0045993832 -0.1594973936 0.5011887716
959 0.1950842743 -0.2078523992 0.5014648093
960 0.3949546645 -0.2582946423 0.5016989086
961 0.5949298696 -0.3093403062 0.5018254446
962 0.7949272047 -0.3603827743 0.5019150000
963 -0.7999999079 -0.0074400302 0.5000000053
964 -0.5999995111 -0.0273501575 0.4999999532
965 -0.3999987080 -0.0572569717 0.4999998587
966 -0.1999973393 -0.0952779755 0.4999998180
967 0.0000045036 -0.1394908242 0.4999998632
968 0.2000070908 -0.1878490843 0.5000071007
969 0.4000180497 -0.2382926425 0.5000261773
970 0.6000285768 -0.2893404542 0.5000337479
971 0.8000301296 -0.3403831300 0.5000531395
972 -0.7987329841 0.0125286944 0.4998467499
973 -0.5975542860 -0.0073690594 0.4996500999
974 -0.3966425964 -0.0372714498 0.4993878897
975 -0.1959161480 -0.0752886394 0.4991001960
976 0.0046084026 -0.1194979899 0.4988109837
977 0.2049298595 -0.1678526539 0.4985492245
978 0.4050814338 -0.2182939387 0.4983540240
979 0.6051273296 -0.2693405180 0.4982418847
980 0.8051330354 -0.3203832578 0.4981913078
981 -0.7974526115 0.0324343426 0.4996965829
982 -0.5951040898 0.0125745768 0.4993018828
983 -0.3932818086 -0.0173149675 0.4987765143
984 -0.1918304127 -0.0553206032 0.4982005584
985 0.0092163488 -0.0995188764 0.4976213835
986 0.2098560221 -0.1478630566 0.4970887998
987 0.4101467756 -0.1982992237 0.4966812768
988 0.6102266798 -0.2493404466 0.4964474940
989 0.8102359068 -0.3003831420 0.4963287028
990 -0.7961440614 0.0522753728 0.4995526740
991 -0.5926449423 0.0324818101 0.4989569184
992 -0.3899112168 0.0026120926 0.4981663299
993 -0.1877357546 -0.0353737487 0.4973009004
994 0.0138324145 -0.0795534355 0.4964303166
995 0.2147890089 -0.1278803719 0.4956233249
996 0.4152160338 -0.1783087803 0.4950074690
997 0.6153271847 -0.2293403257 0.4946480793
998 0.8153387327 -0.2803827184 0.4944645885
999 -0.7947897866 0.0720492733 0.4994183535
1000 -0.5901751463 0.0523545305 0.4986167825
1001 -0.3865245703 0.0225089622 0.4975579353
1002 -0.1836282261 -0.0154477995 0.4964012626
1003 0.0184608303 -0.0596015355 0.4952368623
1004 0.2197321435 -0.1079051797 0.4941509240
1005 0.4202911766 -0.1583207907 0.4933296227
1006 0.6204294665 -0.2093407652 0.4928417392
1007 0.8204414861 -0.2603817819 0.4925981717
1008 -0.8054892698 -0.0884562368 0.4004492842
1009 -0.6102887382 -0.1091684499 0.4011487132
1010 -0.4140319561 -0.1403433685 0.4021598325
1011 -0.2169636153 -0.1797832159 0.4033342616
1012 -0.0190457022 -0.2254662080 0.4045545411
1013 0.1797562015 -0.2752780199 0.4057304918
1014 0.3794062485 -0.3268942038 0.4067384508
1015 0.5794743516 -0.3784432185 0.4071879581
1016 0.7795278555 -0.4297190443 0.4074793136
1017 -0.8040603528 -0.0682200271 0.4003430822
1018 -0.6077016752 -0.0890380568 0.4008642770
1019 -0.4105044958 -0.1202387701 0.4016209792
1020 -0.2127060444 -0.1597092676 0.4025005228
1021 -0.0142671967 -0.2054207149 0.4034131642
1022 0.1848344350 -0.2552618010 0.4042890015
1023 0.3845677447 -0.3068944454 0.4050515928
1024 0.5846147551 -0.3584512892 0.4053888213
1025 0.7846554024 -0.4097226350 0.4056204118
1026 -0.8026814340 -0.0480541840 0.4002315464
1027 -0.6051260978 -0.0689429508 0.4005775535
1028 -0.4069939981 -0.1001648998 0.4010811846
1029 -0.2084620267 -0.1396561735 0.4016670202
1030 -0.0095025573 -0.1853883419 0.4022737942
1031 0.1898990700 -0.2352504501 0.4028553658
1032 0.3897233585 -0.2868922869 0.4033814714
1033 0.5897567896 -0.3384573079 0.4035974677
1034 0.7897842543 -0.3897252122 0.4037632107
1035 -0.8013333227 -0.0279558442 0.4001166421
1036 -0.6025601851 -0.0488851346 0.4002893075
1037 -0.4034938518 -0.0801208855 0.4005408047
1038 -0.2042274056 -0.1196242192 0.4008336932
1039 -0.0047470788 -0.1653689944 0.4011358279
1040 0.1949547078 -0.2152443078 0.4014269266
1041 0.3948750528 -0.2668866443 0.4017207486
1042 0.5948997916 -0.3184615850 0.4018112294
1043 0.7949140142 -0.3697267840 0.4019072958
1044 -0.7999999130 -0.0079232599 0.4000001130
1045 -0.5999996419 -0.0288657297 0.4000003048
1046 -0.3999986422 -0.0601062974 0.4000001449
1047 -0.1999975727 -0.0996135160 0.4000004626
1048 0.0000038550 -0.1453626372 0.3999985805
1049 0.2000059051 -0.1952436055 0.4000012567
1050 0.4000247849 -0.2468771310 0.4000617366
1051 0.6000432061 -0.2984643445 0.4000277109
1052 0.8000442120 -0.3497273504 0.4000520588
1053 -0.7986665045 0.0120441534 0.3998835839
1054 -0.5974390964 -0.0088850990 0.3997113032
1055 -0.3965034285 -0.0401210067 0.3994594839
1056 -0.1957677607 -0.0796240944 0.3991672362
1057 0.0047548816 -0.1253692590 0.3988613146
1058 0.2050570725 -0.1752484235 0.3985761074
1059 0.4051745171 -0.2268641148 0.3983967446
1060 0.6051866443 -0.2784656655 0.3982447155
1061 0.8051743133 -0.3297269081 0.3981967881
1062 -0.7973183972 0.0319458118 0.3997686797
1063 -0.5948731765 0.0110571182 0.3994230610
1064 -0.3930032687 -0.0201651367 0.3989191007
1065 -0.1915332144 -0.0596559313 0.3983339201
1066 0.0095107021 -0.1053888736 0.3977232864
1067 0.2101124184 -0.1552585451 0.3971492515
1068 0.4103262121 -0.2068493090 0.3967187993
1069 0.6103299202 -0.2584653324 0.3964600685
1070 0.8103037150 -0.3097254658 0.3963407659
1071 -0.7959394855 0.0517799683 0.3996571437
1072 -0.5922975874 0.0309620399 0.3991363430
1073 -0.3894927416 -0.0002391089 0.3983793063
1074 -0.1872893621 -0.0397089224 0.3975004104
1075 0.0142761033 -0.0854215828 0.3965838900
1076 0.2151759779 -0.1352731372 0.3957178396
1077 0.4154818267 -0.1868370879 0.3950244195
1078 0.6154730038 -0.2384625185 0.3946709516
1079 0.8154317622 -0.2897230959 0.3944834711
1080 -0.7945105778 0.0715437608 0.3995509423
1081 -0.5897105115 0.0508316646 0.3988519088
1082 -0.3859652261 0.0196562129 0.3978404877
1083 -0.1830320787 -0.0197827661 0.3966665007
1084 0.0190559259 -0.0654677467 0.3954431663
1085 0.2202519078 -0.1152901346 0.3942761579
1086 0.4206433219 -0.1668368643 0.3933226782
1087 0.6206156840 -0.2184551836 0.3928716308
1088 0.8205579063 -0.2697200713 0.3926251852
1089 -0.8057137602 -0.0888617180 0.3002676419
1090 -0.6107118089 -0.1104228030 0.3008683867
1091 -0.4145865800 -0.1428454337 0.3018513898
1092 -0.2175791384 -0.1837858984 0.3030551089
1093 -0.0196719572 -0.2310494969 0.3043307095
1094 0.1791772173 -0.2824762720 0.3055487543
1095 0.3790449810 -0.3355620383 0.3066298766
1096 0.5793323414 -0.3874885640 0.3071020707
1097 0.7794369686 -0.4389912872 0.3074338999
1098 -0.8042251745 -0.0686220100 0.3002000312
1099 -0.6080188375 -0.0902919690 0.3006507446
1100 -0.4109198692 -0.1227404035 0.3013885691
1101 -0.2131666626 -0.1637124440 0.3022906435
1102 -0.0147358175 -0.2110052494 0.3032461217
1103 0.1844029610 -0.2624677237 0.3041503597
1104 0.3842987544 -0.3155876822 0.3049774721
1105 0.5845094668 -0.3675041632 0.3053221450
1106 0.7845902464 -0.4189959534 0.3055877346
1107 -0.8027897666 -0.0484537437 0.3001331089
1108 -0.6053374016 -0.0701963005 0.3004337435
1109 -0.4072709027 -0.1026661633 0.3009259366
1110 -0.2087684669 -0.1436598092 0.3015267478
1111 -0.0098147019 -0.1909734784 0.3021632818
1112 0.1896078805 -0.2424612203 0.3027572534
1113 0.3895464424 -0.2956088016 0.3033523240
1114 0.5896950440 -0.3475149522 0.3035473016
1115 0.7897454916 -0.3989990246 0.3037425901
1116 -0.8013870776 -0.0283539466 0.3000665859
1117 -0.6026658111 -0.0501380403 0.3002170670
1118 -0.4036327484 -0.0826218302 0.3004633894
1119 -0.2043801463 -0.1236283969 0.3007631537
1120 -0.0049038219 -0.1709537940 0.3010817787
1121 0.1948002245 -0.2224576704 0.3013671872
1122 0.3947900749 -0.2756258746 0.3017433196
1123 0.5948848880 -0.3275217964 0.3017753459
1124 0.7949024124 -0.3790001695 0.3018984322
1125 -0.7999999914 -0.0083208742 0.3000002159
1126 -0.5999997186 -0.0301184827 0.3000005015
1127 -0.3999997196 -0.0626070027 0.3000008726
1128 -0.1999968566 -0.1036183836 0.2999996342
1129 0.0000016734 -0.1509460108 0.3000011887
1130 0.1999878646 -0.2024579696 0.2999779125
1131 0.4000316820 -0.2556372420 0.3001414154
1132 0.6000752752 -0.3075255715 0.3000041007
1133 0.8000604823 -0.3589992015 0.3000550655
1134 -0.7986129059 0.0116460528 0.2999338487
1135 -0.5973336350 -0.0101380486 0.2997839289
1136 -0.3963666499 -0.0426215669 0.2995383851
1137 -0.1956135855 -0.0836298039 0.2992360087
1138 0.0049066116 -0.1309500315 0.2989210520
1139 0.2051784179 -0.1824631663 0.2985875109
1140 0.4052732896 -0.2356387099 0.2985369281
1141 0.6052627394 -0.2875273214 0.2982317186
1142 0.8052191305 -0.3389960186 0.2982121730
1143 -0.7972102188 0.0315462564 0.2998673334
1144 -0.5946620692 0.0098036811 0.2995672330
1145 -0.3927283883 -0.0226656453 0.2990759213
1146 -0.1912252734 -0.0636625891 0.2984721161
1147 0.0098157899 -0.1109657618 0.2978407601
1148 0.2103792048 -0.1624746746 0.2971949808
1149 0.4105169234 -0.2156230158 0.2969162543
1150 0.6104441110 -0.2675284705 0.2964572690
1151 0.8103778132 -0.3189905270 0.2963692854
1152 -0.7957748135 0.0513779928 0.2998004213
1153 -0.5919806693 0.0297079996 0.2993502071
1154 -0.3890792751 -0.0027396429 0.2986134068
1155 -0.1868270189 -0.0437165721 0.2977078252
1156 0.0147342260 -0.0909930203 0.2967592647
1157 0.2155966871 -0.1424945006 0.2958015741
1158 0.4157646151 -0.1955793472 0.2952560264
1159 0.6156170785 -0.2475310539 0.2946820799
1160 0.8155358109 -0.2989825284 0.2945255562
1161 -0.7942862235 0.0711382931 0.2997328177
1162 -0.5892877704 0.0495771379 0.2991325522
1163 -0.3854122996 0.0171555955 0.2981506769
1164 -0.1824147364 -0.0237915023 0.2969431842
1165 0.0196681231 -0.0710314521 0.2956743544
1166 0.2208346423 -0.1225252598 0.2944140052
1167 0.4210183959 -0.1754937479 0.2935107420
1168 0.6207819446 -0.2275377424 0.2929129476
1169 0.8206912821 -0.2789715635 0.2926790365
1170 -0.8058690071 -0.0890867622 0.1999577154
1171 -0.6110974160 -0.1113119524 0.2004867668
1172 -0.4151397036 -0.1449470122 0.2014897288
1173 -0.2182085079 -0.1874294230 0.2027523084
1174 -0.0203051762 -0.2363429908 0.2040971422
1175 0.1785904675 -0.2893675671 0.2053433208
1176 0.3786687035 -0.3440001886 0.2063243098
1177 0.5791715135 -0.3963482342 0.2069978904
1178 0.7793367408 -0.4481953521 0.2073882611
1179 -0.8043402895 -0.0688500000 0.1999618991
1180 -0.6083087208 -0.0911820178 0.2003630707
1181 -0.4113339843 -0.1248417176 0.2011171919
1182 -0.2136377598 -0.1673561656 0.2020639657
1183 -0.0152077616 -0.2163000853 0.2030709297
1184 0.1839583075 -0.2693586609 0.2040010428
1185 0.3840190016 -0.3240698376 0.2047340227
1186 0.5843983478 -0.3763634072 0.2052486529
1187 0.7845170684 -0.4282011916 0.2055534579
1188 -0.8028659602 -0.0486837214 0.1999718419
1189 -0.6055309412 -0.0710868035 0.2002413052
1190 -0.4075468204 -0.1047673804 0.2007450095
1191 -0.2090828386 -0.1473035933 0.2013760027
1192 -0.0101251240 -0.1962700788 0.2020456324
1193 0.1892954911 -0.2493459231 0.2026608208
1194 0.3893626322 -0.3041563319 0.2031467356
1195 0.5896423368 -0.3563679013 0.2035013426
1196 0.7896980912 -0.4082059703 0.2037188211
1197 -0.8014250627 -0.0285851811 0.1999852103
1198 -0.6027627058 -0.0510288238 0.2001206921
1199 -0.4037709741 -0.0847230372 0.2003729943
1200 -0.2045389700 -0.1272722419 0.2006882322
1201 -0.0050523722 -0.1762526066 0.2010209133
1202 0.1946135413 -0.2293285419 0.2013220196
1203 0.3947018036 -0.2842693722 0.2015616823
1204 0.5948963521 -0.3363608525 0.2017553631
1205 0.7948797315 -0.3882093481 0.2018843888
1206 -0.8000000852 -0.0085525445 0.2000002626
1207 -0.5999998968 -0.0310093823 0.2000006749
1208 -0.4000004328 -0.0647081388 0.2000010871
1209 -0.2000011148 -0.1072622230 0.2000005754
1210 0.0000158509 -0.1562478592 0.1999964930
1211 0.1999229101 -0.2093047198 0.1999839625
1212 0.4000387232 -0.2644181621 0.1999777031
1213 0.6001544288 -0.3163404533 0.2000100701
1214 0.8000612320 -0.3682115777 0.2000500807
1215 -0.7985750973 0.0114148295 0.2000153149
1216 -0.5972371626 -0.0110288940 0.1998806588
1217 -0.3962296012 -0.0447225088 0.1996291839
1218 -0.1954639853 -0.0872734167 0.1993129282
1219 0.0050848069 -0.1362566322 0.1989720780
1220 0.2052344612 -0.1892714376 0.1986459491
1221 0.4053756488 -0.2446123344 0.1983934712
1222 0.6054103119 -0.2963036671 0.1982648166
1223 0.8052419643 -0.3482135401 0.1982157689
1224 -0.7971341569 0.0313163155 0.2000286833
1225 -0.5944691668 0.0089130273 0.1997600487
1226 -0.3924529200 -0.0247663546 0.1992571810
1227 -0.1909219884 -0.0673054453 0.1986251853
1228 0.0101586717 -0.1162804696 0.1979473817
1229 0.2105612085 -0.1692242891 0.1973072527
1230 0.4107148331 -0.2248622710 0.1968076676
1231 0.6106556028 -0.2762460481 0.1965189297
1232 0.8104224242 -0.3282168965 0.1963813324
1233 -0.7956597308 0.0511500855 0.2000386262
1234 -0.5916917866 0.0288176954 0.1996382878
1235 -0.3886646318 -0.0048403762 0.1988850203
1236 -0.1863688014 -0.0473574274 0.1979372621
1237 0.0152387942 -0.0963219150 0.1969221497
1238 0.2159211389 -0.1491575492 0.1959670954
1239 0.4160584724 -0.2051783016 0.1952192712
1240 0.6158768025 -0.2561618219 0.1947716642
1241 0.8156060707 -0.3082243619 0.1945467155
1242 -0.7941309008 0.0709133642 0.2000428105
1243 -0.5889034049 0.0486877596 0.1995145974
1244 -0.3848585715 0.0150539859 0.1985125158
1245 -0.1817959806 -0.0274274026 0.1972489651
1246 0.0203203751 -0.0763848355 0.1958960728
1247 0.2213425563 -0.1290649980 0.1946246962
1248 0.4214087783 -0.1855670057 0.1936277229
1249 0.6210499022 -0.2360447698 0.1930222779
1250 0.8208032489 -0.2882400634 0.1927119849
1251 -0.8059210777 -0.0888895261 0.0994101878
1252 -0.6114441035 -0.1116521709 0.0999648441
1253 -0.4156371228 -0.1465622429 0.1010611664
1254 -0.2187865030 -0.1906740517 0.1024195015
1255 -0.0208847277 -0.2413412277 0.1038704581
1256 0.1781415386 -0.2959666763 0.1051777500
1257 0.3783239632 -0.3515540774 0.1060618494
1258 0.5789371055 -0.4050478848 0.1069422081
1259 0.7792540178 -0.4573504711 0.1073692000
1260 -0.8043846743 -0.0686726098 0.0995452690
1261 -0.6085606213 -0.0915260996 0.0999692320
1262 -0.4116930413 -0.1264608874 0.1007942088
1263 -0.2140557698 -0.1706028684 0.1018134456
1264 -0.0156291336 -0.2213000075 0.1029004662
1265 0.1836420570 -0.2759621172 0.1038812980
1266 0.3837717262 -0.3315855354 0.1045186649
1267 0.5842245105 -0.3850666836 0.1052116295
1268 0.7844633813 -0.4373561441 0.1055392503
1269 -0.8028980921 -0.0485214478 0.0996901682
1270 -0.6056945858 -0.0714352643 0.0999768227
1271 -0.4077787628 -0.1063899795 0.1005284881
1272 -0.2093532909 -0.1505523716 0.1012082159
1273 -0.0104031287 -0.2012705768 0.1019310214
1274 0.1891091899 -0.2559584149 0.1025845631
1275 0.3892052016 -0.3116112721 0.1029553452
1276 0.5895167759 -0.3650795281 0.1034804992
1277 0.7896741417 -0.4173598221 0.1037088825
1278 -0.8014418600 -0.0284322110 0.0998430838
1279 -0.6028432960 -0.0513804746 0.0999877873
1280 -0.4038848631 -0.0863478884 0.1002643671
1281 -0.2046716415 -0.1305224050 0.1006041751
1282 -0.0051986782 -0.1812523021 0.1009620820
1283 0.1945539673 -0.2359565247 0.1012880929
1284 0.3946281644 -0.2916326182 0.1013808152
1285 0.5948103799 -0.3450875292 0.1017492481
1286 0.7948859124 -0.3973612576 0.1018780286
1287 -0.8000000491 -0.0084027034 0.1000002731
1288 -0.6000001777 -0.0313621646 0.1000007012
1289 -0.4000012734 -0.0663338200 0.1000011800
1290 -0.2000009192 -0.1105128500 0.1000009168
1291 -0.0000056544 -0.1612448822 0.0999931830
1292 0.1999886641 -0.2159574135 0.0999924653
1293 0.4000456207 -0.2716482231 0.0998026993
1294 0.6001030546 -0.3250917400 0.1000186065
1295 0.8000983974 -0.3773603247 0.1000466392
1296 -0.7985582396 0.0115677914 0.1001574596
1297 -0.5971570678 -0.0113804722 0.1000136242
1298 -0.3961176546 -0.0463475381 0.0997379680
1299 -0.1953302138 -0.0905236548 0.0993978017
1300 0.0051868656 -0.1412481793 0.0990237892
1301 0.2054260294 -0.1959621941 0.0986979548
1302 0.4054630791 -0.2516534643 0.0982292473
1303 0.6053930565 -0.3050933022 0.0982890848
1304 0.8053114109 -0.3573569348 0.0982147137
1305 -0.7971020114 0.0314785583 0.1003103674
1306 -0.5943058015 0.0085647384 0.1000246141
1307 -0.3922236820 -0.0263892842 0.0994737767
1308 -0.1906485654 -0.0705548500 0.0987941691
1309 0.0103897439 -0.1212621143 0.0980535236
1310 0.2108786408 -0.1759723612 0.0974039541
1311 0.4108860484 -0.2316397851 0.0966719121
1312 0.6106788134 -0.2850936876 0.0965603111
1313 0.8105248256 -0.3373509518 0.0963824139
1314 -0.7956154348 0.0513274019 0.1004552562
1315 -0.5914398010 0.0284739008 0.1000322392
1316 -0.3883093124 -0.0064598549 0.0992079606
1317 -0.1859460067 -0.0506065706 0.0981895087
1318 0.0156131909 -0.1012865942 0.0970825796
1319 0.2163577211 -0.1559900667 0.0961076220
1320 0.4163195361 -0.2115942265 0.0951506814
1321 0.6159591108 -0.2650949718 0.0948295917
1322 0.8157382430 -0.3173420852 0.0945503778
1323 -0.7940790306 0.0711104963 0.1005903299
1324 -0.5885563926 0.0483478140 0.1000366523
1325 -0.3843650361 0.0134391542 0.0989409511
1326 -0.1812154356 -0.0306791217 0.0975838287
1327 0.0208665694 -0.0813214849 0.0961128710
1328 0.2218702958 -0.1360181704 0.0948002934
1329 0.4217673186 -0.1915002148 0.0937074491
1330 0.6212344456 -0.2450998731 0.0930881140
1331 0.8209498201 -0.2973297648 0.0927206152
