1 -0.0200054247 0.0045327552 0.0030766523 0.0000158039 0.0103929272 0.0040296745
2 -0.0231002822 0.0078606772 0.0059517233 0.0002034680 0.0070474199 0.0008672853
3 -0.0205440033 0.0063478797 0.0053589422 0.0003279592 0.0067189922 -0.0001965491
4 -0.0167950693 0.0053398282 0.0044387693 0.0002633142 0.0059455701 -0.0002858454
5 -0.0127423777 0.0040287156 0.0033729143 0.0002076431 0.0051990178 -0.0004384447
6 -0.0089472558 0.0028633609 0.0023456735 0.0001353358 0.0043630098 -0.0004106933
7 -0.0057214902 0.0018645317 0.0014631584 0.0000736072 0.0033580084 -0.0003575232
8 -0.0032501621 0.0010875829 0.0008004169 0.0000308074 0.0023031723 -0.0002821343
9 -0.0014998619 0.0005248181 0.0003344894 0.0000001541 0.0014348041 -0.0002166523
10 -0.0003995180 0.0001962598 0.0000554715 -0.0000130073 0.0006256487 -0.0001597698
11 -0.0158186658 0.0035791098 0.0024554586 -0.0005239260 0.0076799243 0.0061031330
12 -0.0178721560 0.0061247898 0.0047454681 -0.0005886337 0.0046553190 0.0026229896
13 -0.0159072109 0.0048690734 0.0042859292 -0.0001024350 0.0047423895 0.0008936132
14 -0.0130499867 0.0041126155 0.0035673473 -0.0000424018 0.0041834581 0.0003806584
15 -0.0098942184 0.0031016687 0.0027141502 -0.0000073783 0.0036702249 0.0000873817
16 -0.0069486105 0.0021984545 0.0018923284 -0.0000104097 0.0030869550 -0.0000283220
17 -0.0044385307 0.0014282864 0.0011841641 -0.0000212480 0.0023775158 -0.0000860371
18 -0.0025175195 0.0008284683 0.0006509389 -0.0000250467 0.0016287769 -0.0001192337
19 -0.0011562871 0.0003976878 0.0002734164 -0.0000377295 0.0010238612 -0.0001506934
20 -0.0003060779 0.0001385328 0.0000584964 0.0000065113 0.0004322624 -0.0001530568
21 -0.0114247749 0.0025881274 0.0017716870 -0.0008930614 0.0053200967 0.0075289046
22 -0.0127267976 0.0043934414 0.0034200068 -0.0011495444 0.0029458137 0.0037767948
23 -0.0113232757 0.0034545403 0.0030944302 -0.0004033424 0.0031584849 0.0016712973
24 -0.0093156714 0.0029236089 0.0025852462 -0.0002342461 0.0027875993 0.0008222919
25 -0.0070614979 0.0022061151 0.0019690652 -0.0001437353 0.0024490781 0.0004312354
26 -0.0049604382 0.0015604806 0.0013754297 -0.0001002587 0.0020649851 0.0002195716
27 -0.0031670579 0.0010123636 0.0008625740 -0.0000798418 0.0015916069 0.0000864547
28 -0.0017948368 0.0005850310 0.0004756763 -0.0000604896 0.0010895292 -0.0000175962
29 -0.0008220745 0.0002796997 0.0002005641 -0.0000625453 0.0006900853 -0.0001129356
30 -0.0002167839 0.0000922070 0.0000489768 0.0000247016 0.0002833946 -0.0001540059
31 -0.0069017902 0.0015657899 0.0010674420 -0.0011244848 0.0031378213 0.0084261858
32 -0.0076236361 0.0026460171 0.0020585763 -0.0015103920 0.0016311393 0.0044744347
33 -0.0067792142 0.0020664106 0.0018645765 -0.0005966627 0.0018105046 0.0021699639
34 -0.0055891661 0.0017506096 0.0015620242 -0.0003480922 0.0016000284 0.0010924598
35 -0.0042384870 0.0013223486 0.0011912120 -0.0002250021 0.0014063325 0.0006376905
36 -0.0029795251 0.0009345160 0.0008336501 -0.0001526718 0.0011888556 0.0003677835
37 -0.0019028880 0.0006060830 0.0005237846 -0.0001138559 0.0009177335 0.0001877108
38 -0.0010787078 0.0003496772 0.0002896891 -0.0000814826 0.0006277700 0.0000410788
39 -0.0004939174 0.0001668367 0.0001227117 -0.0000774230 0.0004007001 -0.0000929438
40 -0.0001300543 0.0000531068 0.0000321273 0.0000384594 0.0001617132 -0.0001573951
41 -0.0023081030 0.0005241182 0.0003563887 -0.0012361759 0.0010374922 0.0088603136
42 -0.0025400859 0.0008840970 0.0006870522 -0.0016872984 0.0005217289 0.0048029261
43 -0.0022593861 0.0006887084 0.0006229935 -0.0006916199 0.0005886237 0.0024132465
44 -0.0018676019 0.0005845219 0.0005234626 -0.0004014131 0.0005195693 0.0012209108
45 -0.0014207533 0.0004429044 0.0004007842 -0.0002630882 0.0004564102 0.0007343684
46 -0.0010028847 0.0003138726 0.0002819973 -0.0001769063 0.0003881820 0.0004370404
47 -0.0006427702 0.0002043343 0.0001779118 -0.0001294696 0.0003018973 0.0002344214
48 -0.0003662917 0.0001183323 0.0000991468 -0.0000912315 0.0002060301 0.0000678111
49 -0.0001691651 0.0000566804 0.0000426702 -0.0000843638 0.0001343262 -0.0000844487
50 -0.0000447246 0.0000180495 0.0000113542 0.0000458196 0.0000547416 -0.0001599152
51 0.0023080964 -0.0005239922 -0.0003563083 -0.0012361813 -0.0010391533 0.0088603103
52 0.0025377811 -0.0008832569 -0.0006864855 -0.0016873056 -0.0005240465 0.0048029344
53 0.0022523566 -0.0006862492 -0.0006211234 -0.0006916230 -0.0005935915 0.0024132641
54 0.0018522578 -0.0005795839 -0.0005190663 -0.0004014035 -0.0005278699 0.0012209616
55 0.0013953166 -0.0004354440 -0.0003929702 -0.0002630568 -0.0004647493 0.0007344216
56 0.0009723465 -0.0003052439 -0.0002723234 -0.0001768669 -0.0003891550 0.0004370367
57 0.0006160529 -0.0001960442 -0.0001699423 -0.0001294226 -0.0002959680 0.0002344130
58 0.0003449252 -0.0001117682 -0.0000926988 -0.0000911957 -0.0002033450 0.0000677751
59 0.0001544823 -0.0000526252 -0.0000379994 -0.0000843477 -0.0001249021 -0.0000845051
60 0.0000401582 -0.0000157020 -0.0000106625 0.0000458274 -0.0000475470 -0.0001599619
61 0.0069017773 -0.0015656641 -0.0010673591 -0.0011245004 -0.0031394805 0.0084261757
62 0.0076213237 -0.0026451763 -0.0020580058 -0.0015104127 -0.0016334689 0.0044744583
63 0.0067721780 -0.0020639514 -0.0018627044 -0.0005966714 -0.0018154998 0.0021700119
64 0.0055738250 -0.0017456725 -0.0015576331 -0.0003480637 -0.0016083796 0.0010926029
65 0.0042130631 -0.0013148801 -0.0011834093 -0.0002249136 -0.0014147397 0.0006378400
66 0.0029489917 -0.0009258961 -0.0008239827 -0.0001525455 -0.0011898420 0.0003677700
67 0.0018761857 -0.0005977513 -0.0005158340 -0.0001137702 -0.0009117683 0.0001876998
68 0.0010573493 -0.0003430701 -0.0002832548 -0.0000814293 -0.0006250699 0.0000409661
69 0.0004792159 -0.0001627895 -0.0001180344 -0.0000773646 -0.0003912075 -0.0000931012
70 0.0001254819 -0.0000507557 -0.0000314405 0.0000384824 -0.0001544295 -0.0001575227
71 0.0114247491 -0.0025880021 -0.0017715990 -0.0008930848 -0.0053217518 0.0075288867
72 0.0127244697 -0.0043925988 -0.0034194287 -0.0011495753 -0.0029481690 0.0037768295
73 0.0113162250 -0.0034520805 -0.0030925540 -0.0004033542 -0.0031635384 0.0016713608
74 0.0093003349 -0.0029186715 -0.0025808671 -0.0002342014 -0.0027960607 0.0008224986
75 0.0070361002 -0.0021986354 -0.0019612848 -0.0001435999 -0.0024576279 0.0004314500
76 0.0049299180 -0.0015518570 -0.0013657962 -0.0001000555 -0.0020660046 0.0002195431
77 0.0031403846 -0.0010040305 -0.0008545982 -0.0000797506 -0.0015855721 0.0000864682
78 0.0017734942 -0.0005784198 -0.0004692058 -0.0000604478 -0.0010867887 -0.0000177829
79 0.0008073386 -0.0002756479 -0.0001958920 -0.0000624484 -0.0006804438 -0.0001131598
80 0.0002121980 -0.0000898494 -0.0000483009 0.0000247439 -0.0002759240 -0.0001541760
81 0.0158186204 -0.0035789850 -0.0024553622 -0.0005239524 -0.0076815717 0.0061031058
82 0.0178698037 -0.0061239436 -0.0047448778 -0.0005886685 -0.0046577176 0.0026230280
83 0.0159001365 -0.0048666107 -0.0042840488 -0.0001024447 -0.0047475403 0.0008936677
84 0.0130346540 -0.0041076732 -0.0035629871 -0.0000423511 -0.0041921103 0.0003808770
85 0.0098688626 -0.0030941784 -0.0027064203 -0.0000071973 -0.0036790063 0.0000876081
86 0.0069181173 -0.0021897938 -0.0018827295 -0.0000102438 -0.0030880502 -0.0000283729
87 0.0044118998 -0.0014200647 -0.0011762684 -0.0000208601 -0.0023713297 -0.0000859971
88 0.0024962020 -0.0008219649 -0.0006445297 -0.0000247169 -0.0016259985 -0.0001194451
89 0.0011415045 -0.0003935995 -0.0002687298 -0.0000376928 -0.0010139546 -0.0001509263
90 0.0003014692 -0.0001361619 -0.0000578540 0.0000065932 -0.0004244903 -0.0001532018
91 0.0200053527 -0.0045326307 -0.0030765435 0.0000157826 -0.0103945616 0.0040296366
92 0.0230978953 -0.0078598250 -0.0059511157 0.0002034409 -0.0070498859 0.0008673157
93 0.0205368939 -0.0063454061 -0.0053570592 0.0003279558 -0.0067242970 -0.0001965375
94 0.0167797335 -0.0053348793 -0.0044344427 0.0002633701 -0.0059545256 -0.0002856978
95 0.0127170864 -0.0040211849 -0.0033652742 0.0002077938 -0.0052081679 -0.0004382761
96 0.0089168056 -0.0028547359 -0.0023361417 0.0001355203 -0.0043642163 -0.0004108020
97 0.0056949180 -0.0018561051 -0.0014554403 0.0000738051 -0.0033515858 -0.0003574415
98 0.0032288854 -0.0010808723 -0.0007941556 0.0000309552 -0.0023003254 -0.0002823098
99 0.0014850193 -0.0005207688 -0.0003297891 0.0000002135 -0.0014244977 -0.0002167815
100 0.0003948775 -0.0001938351 -0.0000548984 -0.0000129125 -0.0006174138 -0.0001597966
101 -0.0214705446 0.0050587221 0.0022755296 -0.0005719969 0.0105506475 -0.0005929713
102 -0.0232921121 0.0084493911 0.0049156097 -0.0007559545 0.0121265366 0.0001381854
103 -0.0204080845 0.0064466452 0.0049458183 -0.0002803586 0.0115693267 -0.0012565466
104 -0.0166445987 0.0053798909 0.0041576260 -0.0001447649 0.0105379473 -0.0010886769
105 -0.0125667189 0.0040271182 0.0031665662 -0.0000740835 0.0093647543 -0.0011520372
106 -0.0087123822 0.0028507264 0.0021100161 -0.0000427839 0.0079274895 -0.0010046873
107 -0.0054410434 0.0018531466 0.0011822510 -0.0000303063 0.0061210367 -0.0008032034
108 -0.0029850505 0.0010793121 0.0005323926 -0.0000192336 0.0041845414 -0.0005678265
109 -0.0013200878 0.0005258192 0.0001295165 -0.0000251938 0.0026132840 -0.0003774050
110 -0.0003265240 0.0002210820 -0.0001116562 0.0000526119 0.0013221848 -0.0001668443
111 -0.0166046793 0.0039041653 0.0017285938 -0.0011847230 0.0081317412 -0.0002192182
112 -0.0182204915 0.0065697280 0.0037599018 -0.0015165857 0.0091054222 -0.0006158349
113 -0.0158087445 0.0050083640 0.0038153413 -0.0004798086 0.0088363206 -0.0015649964
114 -0.0129545706 0.0041498651 0.0032223943 -0.0001980559 0.0080715650 -0.0017349654
115 -0.0097758024 0.0031207230 0.0024640539 -0.0000543701 0.0071825194 -0.0017113067
116 -0.0067850249 0.0022002257 0.0016509174 0.0000097749 0.0060874796 -0.0015203931
117 -0.0042413567 0.0014296120 0.0009336046 0.0000322154 0.0047046175 -0.0012150121
118 -0.0023308773 0.0008304726 0.0004289333 0.0000403552 0.0032176610 -0.0008768523
119 -0.0010365102 0.0004040365 0.0001121436 0.0000018692 0.0020193019 -0.0005786399
120 -0.0002599009 0.0001628754 -0.0000625858 0.0001726878 0.0009957010 -0.0002716234
121 -0.0118195838 0.0027709854 0.0012246798 -0.0016570856 0.0057632465 0.0001631338
122 -0.0130594645 0.0046870691 0.0026732254 -0.0021518842 0.0063139541 -0.0010831627
123 -0.0112648210 0.0035727486 0.0027248983 -0.0007084584 0.0062070821 -0.0017619432
124 -0.0092544510 0.0029455458 0.0023083612 -0.0002900593 0.0056863954 -0.0021404927
125 -0.0069857233 0.0022217453 0.0017706117 -0.0000815106 0.0050638288 -0.0020905325
126 -0.0048512270 0.0015623984 0.0011916612 0.0000209563 0.0042976908 -0.0018621160
127 -0.0030347852 0.0010144499 0.0006787595 0.0000614029 0.0033247178 -0.0014934149
128 -0.0016697886 0.0005882403 0.0003168099 0.0000741286 0.0022743456 -0.0010851564
129 -0.0007454620 0.0002854459 0.0000878779 0.0000200017 0.0014333066 -0.0007168368
130 -0.0001888140 0.0001118135 -0.0000322253 0.0002603378 0.0006944238 -0.0003461231
131 -0.0070778532 0.0016553318 0.0007328645 -0.0019733842 0.0034388011 0.0004572808
132 -0.0078510863 0.0028092375 0.0016025311 -0.0025965080 0.0037087650 -0.0013546022
133 -0.0067501849 0.0021417991 0.0016373614 -0.0008896892 0.0036768879 -0.0018789026
134 -0.0055532269 0.0017603380 0.0013897651 -0.0003689338 0.0033754549 -0.0023786133
135 -0.0041945404 0.0013302790 0.0010687372 -0.0001138157 0.0030069961 -0.0023262012
136 -0.0029142273 0.0009340780 0.0007219290 0.0000188967 0.0025566079 -0.0020717625
137 -0.0018237585 0.0006062915 0.0004128573 0.0000748555 0.0019810517 -0.0016661723
138 -0.0010043125 0.0003512112 0.0001947531 0.0000927759 0.0013546035 -0.0012144597
139 -0.0004499643 0.0001699470 0.0000565637 0.0000316601 0.0008578496 -0.0008036697
140 -0.0001147017 0.0000656528 -0.0000149231 0.0003179122 0.0004121193 -0.0003940550
141 -0.0023573076 0.0005506127 0.0002440938 -0.0021312497 0.0011422257 0.0006145087
142 -0.0026197421 0.0009360635 0.0005341123 -0.0028236486 0.0012211153 -0.0014794965
143 -0.0022497806 0.0007140921 0.0005463166 -0.0009875804 0.0012140842 -0.0019334692
144 -0.0018532537 0.0005864014 0.0004645805 -0.0004125362 0.0011137603 -0.0024889782
145 -0.0014022583 0.0004437471 0.0003589156 -0.0001333386 0.0009921881 -0.0024392800
146 -0.0009757118 0.0003113884 0.0002439327 0.0000156000 0.0008485787 -0.0021717217
147 -0.0006102588 0.0002024717 0.0001391186 0.0000800810 0.0006621439 -0.0017489563
148 -0.0003363895 0.0001173409 0.0000660947 0.0001010727 0.0004510154 -0.0012765809
149 -0.0001521137 0.0000565395 0.0000205864 0.0000374409 0.0002902367 -0.0008456446
150 -0.0000388374 0.0000223347 -0.0000052444 0.0003464744 0.0001414582 -0.0004175319
151 0.0023569000 -0.0005504243 -0.0002441484 -0.0021312506 -0.0011449676 0.0006145146
152 0.0026184508 -0.0009353368 -0.0005343665 -0.0028236513 -0.0012266682 -0.0014794989
153 0.0022463686 -0.0007125039 -0.0005464417 -0.0009875834 -0.0012251201 -0.0019334712
154 0.0018460317 -0.0005838432 -0.0004631781 -0.0004125528 -0.0011309091 -0.0024889667
155 0.0013904457 -0.0004411003 -0.0003538422 -0.0001333291 -0.0010079651 -0.0024393013
156 0.0009632530 -0.0003094478 -0.0002369940 0.0000155305 -0.0008479370 -0.0021717270
157 0.0006040328 -0.0001999821 -0.0001373238 0.0000799958 -0.0006480677 -0.0017488385
158 0.0003323208 -0.0001155642 -0.0000647990 0.0001009866 -0.0004469230 -0.0012766981
159 0.0001464633 -0.0000561312 -0.0000169741 0.0000373880 -0.0002744905 -0.0008456580
160 0.0000375968 -0.0000200526 0.0000019279 0.0003464377 -0.0001252466 -0.0004175137
161 0.0070774403 -0.0016551418 -0.0007329172 -0.0019733864 -0.0034415446 0.0004572984
162 0.0078497905 -0.0028085085 -0.0016027826 -0.0025965152 -0.0037143348 -0.0013546094
163 0.0067467711 -0.0021402092 -0.0016374895 -0.0008896982 -0.0036879644 -0.0018789084
164 0.0055460138 -0.0017577830 -0.0013883691 -0.0003689812 -0.0033926820 -0.0023785820
165 0.0041827398 -0.0013276269 -0.0010636958 -0.0001137914 -0.0030228615 -0.0023262569
166 0.0029017596 -0.0009321393 -0.0007149402 0.0000186754 -0.0025560640 -0.0020717933
167 0.0018175408 -0.0006039869 -0.0004110876 0.0000747402 -0.0019668482 -0.0016658575
168 0.0010002453 -0.0003496173 -0.0001934743 0.0000926593 -0.0013505658 -0.0012147725
169 0.0004442800 -0.0001695340 -0.0000528843 0.0000314882 -0.0008419231 -0.0008036925
170 0.0001134493 -0.0000633634 0.0000115828 0.0003178100 -0.0003957528 -0.0003940053
171 0.0118191604 -0.0027707924 -0.0012247281 -0.0016570873 -0.0057659928 0.0001631622
172 0.0130581600 -0.0046863363 -0.0026734713 -0.0021518922 -0.0063195575 -0.0010831746
173 0.0112614035 -0.0035711544 -0.0027250314 -0.0007084734 -0.0062182407 -0.0017619507
174 0.0092472552 -0.0029429999 -0.0023069810 -0.0002901246 -0.0057037754 -0.0021404496
175 0.0069739507 -0.0022190666 -0.0017656324 -0.0000815085 -0.0050798850 -0.0020905984
176 0.0048387307 -0.0015605271 -0.0011845784 0.0000206642 -0.0042973098 -0.0018622197
177 0.0030285915 -0.0010121975 -0.0006770922 0.0000611642 -0.0033102750 -0.0014929588
178 0.0016657325 -0.0005866948 -0.0003156165 0.0000738920 -0.0022704014 -0.0010856095
179 0.0007396994 -0.0002850881 -0.0000840676 0.0000197885 -0.0014170531 -0.0007168145
180 0.0001875422 -0.0001094959 0.0000288359 0.0002601750 -0.0006777279 -0.0003460578
181 0.0166042395 -0.0039039685 -0.0017286342 -0.0011847218 -0.0081344911 -0.0002191807
182 0.0182191751 -0.0065689906 -0.0037601383 -0.0015165884 -0.0091110758 -0.0006158510
183 0.0158053207 -0.0050067631 -0.0038154784 -0.0004798310 -0.0088476036 -0.0015650012
184 0.0129473993 -0.0041473346 -0.0032210512 -0.0001981061 -0.0080891643 -0.0017349175
185 0.0097640791 -0.0031179847 -0.0024591347 -0.0000544979 -0.0071988976 -0.0017113502
186 0.0067724665 -0.0021985329 -0.0016438398 0.0000097904 -0.0060872364 -0.0015206376
187 0.0042352116 -0.0014269960 -0.0009316895 0.0000306630 -0.0046900297 -0.0012143529
188 0.0023268520 -0.0008285599 -0.0004274657 0.0000388154 -0.0032136428 -0.0008775125
189 0.0010306124 -0.0004038424 -0.0001082738 0.0000019797 -0.0020026682 -0.0005784937
190 0.0002586072 -0.0001604962 0.0000591413 0.0001724381 -0.0009784575 -0.0002715644
191 0.0214700821 -0.0050585223 -0.0022755570 -0.0005719890 -0.0105534007 -0.0005929284
192 0.0232907822 -0.0084486479 -0.0049158304 -0.0007559480 -0.0121322571 0.0001381688
193 0.0204046505 -0.0064450440 -0.0049459587 -0.0002803692 -0.0115807704 -0.0012565440
194 0.0166374613 -0.0053773470 -0.0041563384 -0.0001448261 -0.0105558362 -0.0010886068
195 0.0125550630 -0.0040244134 -0.0031617352 -0.0000741721 -0.0093815580 -0.0011520662
196 0.0086997343 -0.0028488078 -0.0021029789 -0.0000430866 -0.0079274204 -0.0010050213
197 0.0054349660 -0.0018515999 -0.0011800952 -0.0000305651 -0.0061062157 -0.0008023344
198 0.0029810715 -0.0010784647 -0.0005306462 -0.0000194681 -0.0041804681 -0.0005687162
199 0.0013140069 -0.0005253979 -0.0001255853 -0.0000253953 -0.0025961635 -0.0003771721
200 0.0003251989 -0.0002186980 0.0001081190 0.0000524872 -0.0013041774 -0.0001667786
201 -0.0242054224 0.0058807134 0.0015393917 -0.0005172828 0.0083488914 -0.0026810833
202 -0.0235645092 0.0093986388 0.0036156662 -0.0007291135 0.0117553848 -0.0000204480
203 -0.0202249264 0.0066701305 0.0040923619 -0.0003040379 0.0125858499 -0.0014649070
204 -0.0164068089 0.0054932781 0.0036819140 -0.0001202554 0.0118767428 -0.0011689962
205 -0.0122621613 0.0040299809 0.0028332905 -0.0000213356 0.0108591191 -0.0012484959
206 -0.0082836142 0.0028012166 0.0017913775 0.0000299860 0.0093589881 -0.0010887062
207 -0.0049044480 0.0017784959 0.0008242521 0.0000508344 0.0072338953 -0.0008511862
208 -0.0024758003 0.0010009655 0.0002097135 0.0000581580 0.0048344027 -0.0005655661
209 -0.0009841998 0.0004665815 -0.0000693250 0.0000393573 0.0029964724 -0.0003343829
210 -0.0002050609 0.0001991590 -0.0002089997 0.0001436185 0.0016223681 -0.0001119055
211 -0.0185997300 0.0045165618 0.0012007422 -0.0012361488 0.0065413045 -0.0027119544
212 -0.0185180281 0.0073292805 0.0028071694 -0.0017210941 0.0089670376 -0.0015629916
213 -0.0156719108 0.0052381815 0.0031707211 -0.0006824068 0.0097139941 -0.0020592170
214 -0.0127780894 0.0042625637 0.0028607546 -0.0002519194 0.0091926465 -0.0020751977
215 -0.0095427480 0.0031482200 0.0022106103 -0.0000187327 0.0084143476 -0.0019944741
216 -0.0064559201 0.0021760372 0.0014100577 0.0001223337 0.0072587334 -0.0017560978
217 -0.0038279767 0.0013800724 0.0006623347 0.0001889777 0.0056188054 -0.0013673601
218 -0.0019388605 0.0007738689 0.0001845944 0.0002028448 0.0037588413 -0.0009352698
219 -0.0007798578 0.0003597410 -0.0000360148 0.0001338847 0.0023431909 -0.0005528158
220 -0.0001665129 0.0001479489 -0.0001410864 0.0003762619 0.0012285233 -0.0002114800
221 -0.0131725921 0.0031930877 0.0008555376 -0.0017326913 0.0046982033 -0.0026559359
222 -0.0133127790 0.0052394449 0.0019965576 -0.0024155386 0.0063149828 -0.0026955793
223 -0.0111742898 0.0037663530 0.0022546271 -0.0009472182 0.0068967238 -0.0025612433
224 -0.0091308706 0.0030379955 0.0020388245 -0.0003314983 0.0065419869 -0.0027266113
225 -0.0068213546 0.0022533458 0.0015808772 -0.0000040094 0.0059923187 -0.0025710102
226 -0.0046175077 0.0015518054 0.0010152872 0.0002012477 0.0051750098 -0.0022543464
227 -0.0027402956 0.0009826190 0.0004829040 0.0002997004 0.0040121511 -0.0017583515
228 -0.0013907593 0.0005495352 0.0001421885 0.0003146995 0.0026839428 -0.0012121315
229 -0.0005643262 0.0002545518 -0.0000159841 0.0002105143 0.0016810428 -0.0007177869
230 -0.0001226519 0.0001023143 -0.0000900951 0.0005466374 0.0008627462 -0.0002884989
231 -0.0078607037 0.0019020919 0.0005120570 -0.0020485575 0.0028287825 -0.0025839668
232 -0.0080176523 0.0031438129 0.0011940218 -0.0028638990 0.0037529194 -0.0034349733
233 -0.0066993177 0.0022692072 0.0013484445 -0.0011221460 0.0041190032 -0.0029185658
234 -0.0054785973 0.0018198621 0.0012212678 -0.0003814971 0.0039128107 -0.0031478152
235 -0.0040953564 0.0013529642 0.0009498196 0.0000074017 0.0035856162 -0.0029600590
236 -0.0027724970 0.0009291537 0.0006135217 0.0002553060 0.0031020227 -0.0025849447
237 -0.0016442747 0.0005875250 0.0002926014 0.0003748315 0.0024108301 -0.0020192229
238 -0.0008345655 0.0003278165 0.0000884087 0.0003897089 0.0016087353 -0.0013960230
239 -0.0003411401 0.0001510386 -0.0000049245 0.0002637205 0.0010130356 -0.0008277631
240 -0.0000747814 0.0000605027 -0.0000510468 0.0006581914 0.0005148508 -0.0003407148
241 -0.0026133327 0.0006317387 0.0001703343 -0.0022026621 0.0009436777 -0.0025382088
242 -0.0026770329 0.0010479635 0.0003969004 -0.0030849317 0.0012431021 -0.0037992975
243 -0.0022322057 0.0007581339 0.0004480097 -0.0012101278 0.0013659538 -0.0031032503
244 -0.0018258544 0.0006062451 0.0004062517 -0.0004063991 0.0012963419 -0.0033545881
245 -0.0013657241 0.0004506704 0.0003179070 0.0000129458 0.0011883142 -0.0031553952
246 -0.0009237867 0.0003077899 0.0002074853 0.0002824801 0.0010356018 -0.0027497521
247 -0.0005432049 0.0001944940 0.0000957697 0.0004120980 0.0008127568 -0.0021492833
248 -0.0002734670 0.0001079830 0.0000278291 0.0004267765 0.0005333972 -0.0014878432
249 -0.0001135134 0.0000487205 0.0000007213 0.0002910128 0.0003418458 -0.0008826102
250 -0.0000244461 0.0000209231 -0.0000191267 0.0007132893 0.0001769773 -0.0003670369
251 0.0026132749 -0.0006315645 -0.0001707912 -0.0022026607 -0.0009465978 -0.0025382002
252 0.0026774381 -0.0010474477 -0.0003985111 -0.0030849310 -0.0012494989 -0.0037992979
253 0.0022331462 -0.0007573782 -0.0004506890 -0.0012101258 -0.0013786643 -0.0031032529
254 0.0018266883 -0.0006057726 -0.0004080544 -0.0004063919 -0.0013158781 -0.0033545615
255 0.0013652308 -0.0004520549 -0.0003143722 0.0000128516 -0.0012058120 -0.0031554059
256 0.0009261201 -0.0003130644 -0.0002001188 0.0002828192 -0.0010285473 -0.0027499001
257 0.0005595470 -0.0001977102 -0.0001030155 0.0004109739 -0.0007843684 -0.0021488206
258 0.0002892706 -0.0001111303 -0.0000347700 0.0004256483 -0.0005417616 -0.0014883076
259 0.0001155510 -0.0000531411 0.0000044812 0.0002913730 -0.0003303329 -0.0008824942
260 0.0000267075 -0.0000179287 0.0000104407 0.0007131272 -0.0001575934 -0.0003670284
261 0.0078606423 -0.0019019173 -0.0005125131 -0.0020485535 -0.0028317052 -0.0025839417
262 0.0080180580 -0.0031432956 -0.0011956318 -0.0028638972 -0.0037593314 -0.0034349741
263 0.0067002607 -0.0022684543 -0.0013511303 -0.0011221377 -0.0041317413 -0.0029185738
264 0.0054794573 -0.0018193780 -0.0012230965 -0.0003814846 -0.0039324166 -0.0031477357
265 0.0040948681 -0.0013543853 -0.0009462441 0.0000071700 -0.0036032341 -0.0029600982
266 0.0027748074 -0.0009342903 -0.0006063753 0.0002561593 -0.0030949466 -0.0025853506
267 0.0016606105 -0.0005908950 -0.0002989680 0.0003719096 -0.0023829422 -0.0020178764
268 0.0008503552 -0.0003311171 -0.0000944605 0.0003867749 -0.0016165467 -0.0013973746
269 0.0003431244 -0.0001553204 0.0000099309 0.0002646328 -0.0010014663 -0.0008274503
270 0.0000770059 -0.0000575340 0.0000424143 0.0006577642 -0.0004952440 -0.0003406813
271 0.0131725233 -0.0031929124 -0.0008559922 -0.0017326849 -0.0047011312 -0.0026558956
272 0.0133131859 -0.0052389247 -0.0019981660 -0.0024155369 -0.0063214251 -0.0026955800
273 0.0111752376 -0.0037656055 -0.0022573279 -0.0009471956 -0.0069095159 -0.0025612559
274 0.0091317816 -0.0030374879 -0.0020406928 -0.0003315143 -0.0065617378 -0.0027264825
275 0.0068208797 -0.0022548512 -0.0015772675 -0.0000041869 -0.0060101393 -0.0025710892
276 0.0046197709 -0.0015565761 -0.0010084087 0.0002019280 -0.0051680389 -0.0022549080
277 0.0027566174 -0.0009869121 -0.0004880224 0.0002972630 -0.0039848396 -0.0017563674
278 0.0014065210 -0.0005537576 -0.0001469726 0.0003122423 -0.0026910729 -0.0012141255
279 0.0005662032 -0.0002584674 0.0000207688 0.0002112808 -0.0016692155 -0.0007173709
280 0.0001248049 -0.0000994032 0.0000815288 0.0005461519 -0.0008427197 -0.0002884224
281 0.0185996495 -0.0045163856 -0.0012011948 -0.0012361408 -0.0065442406 -0.0027119017
282 0.0185184379 -0.0073287581 -0.0028087739 -0.0017210946 -0.0089735250 -0.0015629930
283 0.0156728660 -0.0052374372 -0.0031734500 -0.0006823600 -0.0097268666 -0.0020592276
284 0.0127790707 -0.0042620378 -0.0028626446 -0.0002520117 -0.0092126217 -0.0020750447
285 0.0095423113 -0.0031498079 -0.0022071032 -0.0000185477 -0.0084324008 -0.0019945623
286 0.0064580854 -0.0021803466 -0.0014029659 0.0001216587 -0.0072522544 -0.0017567407
287 0.0038442911 -0.0013858850 -0.0006676591 0.0001913317 -0.0055911949 -0.0013653444
288 0.0019545967 -0.0007796095 -0.0001895553 0.0002051703 -0.0037661130 -0.0009373011
289 0.0007815469 -0.0003631954 0.0000410735 0.0001333058 -0.0023306485 -0.0005523597
290 0.0001685763 -0.0001450861 0.0001324895 0.0003760524 -0.0012079176 -0.0002113635
291 0.0242053255 -0.0058805338 -0.0015398412 -0.0005172780 -0.0083518400 -0.0026810203
292 0.0235649238 -0.0093981225 -0.0036172681 -0.0007291057 -0.0117619274 -0.0000204590
293 0.0202258956 -0.0066693600 -0.0040951195 -0.0003040171 -0.0125988461 -0.0014648847
294 0.0164078600 -0.0054928486 -0.0036838393 -0.0001202255 -0.0118969666 -0.0011689245
295 0.0122618442 -0.0040312301 -0.0028298971 -0.0000214336 -0.0108775767 -0.0012483594
296 0.0082855197 -0.0028065927 -0.0017840007 0.0000305123 -0.0093530434 -0.0010898120
297 0.0049208312 -0.0017804683 -0.0008295632 0.0000485178 -0.0072058477 -0.0008492772
298 0.0024915874 -0.0010028721 -0.0002146287 0.0000558252 -0.0048418998 -0.0005674949
299 0.0009855068 -0.0004710755 0.0000747490 0.0000398923 -0.0029831122 -0.0003334950
300 0.0002070852 -0.0001960183 0.0002003609 0.0001433213 -0.0016008496 -0.0001119022
301 -0.0266076659 0.0065907438 0.0010291470 -0.0004114908 0.0066936489 -0.0038561015
302 -0.0243006358 0.0103032553 0.0026405168 -0.0006132609 0.0107131887 -0.0003088104
303 -0.0202020772 0.0069553849 0.0033649440 -0.0002855492 0.0125705811 -0.0016643822
304 -0.0162461859 0.0055942828 0.0032867948 -0.0000983833 0.0125452595 -0.0012344128
305 -0.0119878111 0.0039963853 0.0026215061 0.0000214646 0.0118888875 -0.0013386131
306 -0.0078109988 0.0026735843 0.0016095103 0.0001025913 0.0105216583 -0.0011848748
307 -0.0042397154 0.0016075681 0.0005767063 0.0001345890 0.0081451451 -0.0008971904
308 -0.0018398957 0.0008285002 -0.0000030672 0.0001408296 0.0052071026 -0.0005341132
309 -0.0006157113 0.0003299213 -0.0001192310 0.0001114392 0.0031185028 -0.0002449372
310 -0.0001097350 0.0001203310 -0.0001435266 0.0002125769 0.0017471594 -0.0000615854
311 -0.0204003111 0.0050310536 0.0008242454 -0.0010278434 0.0052656401 -0.0040852832
312 -0.0191390743 0.0079990931 0.0020834681 -0.0014988496 0.0082000324 -0.0023256502
313 -0.0156570806 0.0054536107 0.0026246814 -0.0006555942 0.0097091404 -0.0024226520
314 -0.0126587633 0.0043292602 0.0025600575 -0.0002102083 0.0097161485 -0.0022704568
315 -0.0093289734 0.0031177202 0.0020480271 0.0000756854 0.0092131039 -0.0021728392
316 -0.0060896636 0.0020709802 0.0012729499 0.0002951227 0.0081585188 -0.0019252290
317 -0.0033120984 0.0012406812 0.0004765840 0.0004033843 0.0063300610 -0.0014482840
318 -0.0014455078 0.0006341084 0.0000254068 0.0004135752 0.0040528338 -0.0009015256
319 -0.0004936721 0.0002515662 -0.0000720541 0.0003019170 0.0024474085 -0.0004322054
320 -0.0000911678 0.0000904965 -0.0000985557 0.0005351059 0.0013241075 -0.0001295943
321 -0.0144248021 0.0035429769 0.0006011794 -0.0014793180 0.0037931828 -0.0041549772
322 -0.0137783757 0.0057043128 0.0015039296 -0.0021584271 0.0057871245 -0.0037929456
323 -0.0111671559 0.0039212611 0.0018787671 -0.0009398882 0.0068966886 -0.0030528728
324 -0.0090470709 0.0030829059 0.0018304180 -0.0002970662 0.0069168513 -0.0030085435
325 -0.0066680284 0.0022313786 0.0014681535 0.0001123937 0.0065611461 -0.0028137897
326 -0.0043553712 0.0014751078 0.0009215152 0.0004371897 0.0058154736 -0.0024745959
327 -0.0023701334 0.0008789400 0.0003555030 0.0006067834 0.0045225621 -0.0018636945
328 -0.0010368123 0.0004456278 0.0000331439 0.0006191920 0.0028937977 -0.0011744999
329 -0.0003595670 0.0001762615 -0.0000395947 0.0004479980 0.0017590260 -0.0005718985
330 -0.0000678695 0.0000633275 -0.0000645450 0.0007721625 0.0009299366 -0.0001814305
331 -0.0085989295 0.0021056249 0.0003651884 -0.0017725024 0.0022884681 -0.0041593839
332 -0.0083046060 0.0034183831 0.0009077284 -0.0025911752 0.0034440564 -0.0047495833
333 -0.0066964175 0.0023635582 0.0011278428 -0.0011291010 0.0041209627 -0.0035005461
334 -0.0054276732 0.0018463684 0.0010980692 -0.0003536401 0.0041385573 -0.0034855368
335 -0.0040018893 0.0013397326 0.0008832313 0.0001370972 0.0039267803 -0.0032468470
336 -0.0026131513 0.0008820327 0.0005591817 0.0005321250 0.0034871040 -0.0028396727
337 -0.0014174972 0.0005207928 0.0002184766 0.0007460583 0.0027213024 -0.0021417773
338 -0.0006178352 0.0002609366 0.0000251935 0.0007592477 0.0017308051 -0.0013553733
339 -0.0002171266 0.0001030998 -0.0000176944 0.0005469965 0.0010591866 -0.0006646086
340 -0.0000410979 0.0000379921 -0.0000383592 0.0009279474 0.0005543970 -0.0002164781
341 -0.0028571016 0.0006985614 0.0001221571 -0.0019164882 0.0007642535 -0.0041501458
342 -0.0027733380 0.0011387877 0.0003025230 -0.0028049747 0.0011418205 -0.0052214287
343 -0.0022303655 0.0007897106 0.0003744767 -0.0012232852 0.0013676964 -0.0037322721
344 -0.0018066495 0.0006145704 0.0003645757 -0.0003812643 0.0013725868 -0.0037201204
345 -0.0013316117 0.0004451591 0.0002956527 0.0001497021 0.0013029536 -0.0034647837
346 -0.0008665219 0.0002899659 0.0001906994 0.0005795496 0.0011675534 -0.0030223161
347 -0.0004583494 0.0001655225 0.0000709257 0.0008203136 0.0009244108 -0.0022816203
348 -0.0001926105 0.0000791217 0.0000068076 0.0008336563 0.0005647381 -0.0014450489
349 -0.0000698407 0.0000311526 -0.0000019592 0.0005967573 0.0003527529 -0.0007106594
350 -0.0000122106 0.0000137584 -0.0000168592 0.0010051209 0.0001893024 -0.0002341924
351 0.0028576078 -0.0006984269 -0.0001230710 -0.0019164885 -0.0007664827 -0.0041501365
352 0.0027754942 -0.0011385090 -0.0003054676 -0.0028049690 -0.0011470111 -0.0052214299
353 0.0022351516 -0.0007896309 -0.0003795728 -0.0012232983 -0.0013780410 -0.0037322722
354 0.0018145039 -0.0006158249 -0.0003692053 -0.0003812157 -0.0013893369 -0.0037200991
355 0.0013401927 -0.0004502901 -0.0002927406 0.0001496179 -0.0013174632 -0.0034646830
356 0.0008814623 -0.0003020458 -0.0001795572 0.0005791635 -0.0011490265 -0.0030228420
357 0.0005030239 -0.0001872877 -0.0000819238 0.0008271051 -0.0008702306 -0.0022825468
358 0.0002347533 -0.0001002502 -0.0000168589 0.0008404408 -0.0006031640 -0.0014441204
359 0.0000789452 -0.0000405843 0.0000119556 0.0005963937 -0.0003558535 -0.0007101905
360 0.0000173848 -0.0000100717 0.0000030810 0.0010049565 -0.0001723148 -0.0002342796
361 0.0085994339 -0.0021054903 -0.0003661021 -0.0017725031 -0.0022907011 -0.0041593567
362 0.0083067648 -0.0034181024 -0.0009106792 -0.0025911585 -0.0034492547 -0.0047495867
363 0.0067012106 -0.0023634780 -0.0011329396 -0.0011291430 -0.0041313359 -0.0035005437
364 0.0054355644 -0.0018476525 -0.0011027517 -0.0003534717 -0.0041553189 -0.0034854868
365 0.0040105315 -0.0013447217 -0.0008803239 0.0001367187 -0.0039415933 -0.0032465231
366 0.0026278453 -0.0008947533 -0.0005475677 0.0005316681 -0.0034683702 -0.0028412703
367 0.0014623077 -0.0005380171 -0.0002339309 0.0007620219 -0.0026653929 -0.0021438789
368 0.0006601071 -0.0002775216 -0.0000396902 0.0007751920 -0.0017709289 -0.0013532659
369 0.0002259388 -0.0001131582 0.0000281892 0.0005465948 -0.0010624222 -0.0006631789
370 0.0000462720 -0.0000341939 0.0000246137 0.0009273752 -0.0005370021 -0.0002167500
371 0.0144253028 -0.0035428415 -0.0006020929 -0.0014793192 -0.0037954234 -0.0041549343
372 0.0137805403 -0.0057040288 -0.0015068931 -0.0021584007 -0.0057923381 -0.0037929514
373 0.0111719635 -0.0039211803 -0.0018838616 -0.0009399668 -0.0069071212 -0.0030528593
374 0.0090550296 -0.0030842374 -0.0018352334 -0.0002967163 -0.0069336242 -0.0030085037
375 0.0066768033 -0.0022361359 -0.0014651080 0.0001113603 -0.0065766128 -0.0028131958
376 0.0043695951 -0.0014889514 -0.0009096844 0.0004387203 -0.0057960831 -0.0024772836
377 0.0024151881 -0.0008880876 -0.0003761338 0.0006192224 -0.0044650245 -0.0018650565
378 0.0010793157 -0.0004541315 -0.0000527967 0.0006316079 -0.0029354859 -0.0011731284
379 0.0003678171 -0.0001874155 0.0000503672 0.0004495767 -0.0017627787 -0.0005694806
380 0.0000730596 -0.0000593547 0.0000509841 0.0007709631 -0.0009116717 -0.0001819037
381 0.0204008055 -0.0050309164 -0.0008251592 -0.0010278450 -0.0052678918 -0.0040852269
382 0.0191412485 -0.0079988042 -0.0020864506 -0.0014988187 -0.0082052700 -0.0023256602
383 0.0156619123 -0.0054535394 -0.0026297665 -0.0006557000 -0.0097196622 -0.0024226149
384 0.0126668090 -0.0043305939 -0.0025651265 -0.0002096821 -0.0097329354 -0.0022704656
385 0.0093379635 -0.0031224352 -0.0020444523 0.0000738408 -0.0092295640 -0.0021720041
386 0.0061032613 -0.0020853261 -0.0012624582 0.0003002487 -0.0081378803 -0.0019287603
387 0.0033574346 -0.0012434833 -0.0004964382 0.0003996084 -0.0062735021 -0.0014466009
388 0.0014882783 -0.0006362577 -0.0000442577 0.0004097867 -0.0040934445 -0.0009031963
389 0.0005011563 -0.0002631960 0.0000815982 0.0003070345 -0.0024522125 -0.0004290278
390 0.0000964089 -0.0000865147 0.0000855319 0.0005332757 -0.0013044969 -0.0001302129
391 0.0266081508 -0.0065906059 -0.0010300644 -0.0004114841 -0.0066959129 -0.0038560365
392 0.0243028249 -0.0103029502 -0.0026435111 -0.0006132677 -0.0107184691 -0.0003088205
393 0.0202069422 -0.0069553837 -0.0033700675 -0.0002855033 -0.0125811805 -0.0016643358
394 0.0162543369 -0.0055953321 -0.0032920343 -0.0000984405 -0.0125622305 -0.0012343905
395 0.0119970658 -0.0040022868 -0.0026177408 0.0000217606 -0.0119060486 -0.0013380128
396 0.0078240146 -0.0026835622 -0.0015994648 0.0001006670 -0.0105011739 -0.0011877051
397 0.0042852018 -0.0016235302 -0.0005970610 0.0001484158 -0.0080881046 -0.0008930558
398 0.0018828078 -0.0008437759 -0.0000162393 0.0001546159 -0.0052480599 -0.0005382355
399 0.0006224260 -0.0003372296 0.0001284476 0.0001095887 -0.0031229021 -0.0002425054
400 0.0001150186 -0.0001173010 0.0001308331 0.0002125767 -0.0017263553 -0.0000619309
401 -0.0286612396 0.0071668663 0.0007512440 -0.0003079900 0.0054770869 -0.0046131161
402 -0.0252204675 0.0110596347 0.0020862056 -0.0004557123 0.0095855926 -0.0005274828
403 -0.0204159144 0.0072219044 0.0029290184 -0.0002106784 0.0121577055 -0.0018487986
404 -0.0162196017 0.0056841651 0.0030649081 -0.0000667642 0.0128887939 -0.0012889731
405 -0.0117996519 0.0039322520 0.0025691525 0.0000577934 0.0127349347 -0.0014223676
406 -0.0073420778 0.0024580404 0.0016283722 0.0001858595 0.0116571340 -0.0013182746
407 -0.0034373872 0.0013146254 0.0004858839 0.0002423960 0.0091059481 -0.0009724773
408 -0.0010638457 0.0005350601 -0.0000644575 0.0002473111 0.0053838675 -0.0004508381
409 -0.0002359244 0.0001038553 0.0000153382 0.0001916739 0.0030637281 -0.0000993526
410 -0.0000465426 -0.0000008946 0.0000548662 0.0002512389 0.0017691997 -0.0000158522
411 -0.0219496435 0.0054644465 0.0006120443 -0.0007865713 0.0043081685 -0.0049611317
412 -0.0198874023 0.0085807926 0.0016649417 -0.0011543856 0.0073583600 -0.0028819884
413 -0.0158256433 0.0056654516 0.0022971852 -0.0005157724 0.0094040475 -0.0027329551
414 -0.0126421638 0.0043979331 0.0023893415 -0.0001556987 0.0099901974 -0.0024271044
415 -0.0091797497 0.0030714758 0.0020033707 0.0001424743 0.0098677547 -0.0023417063
416 -0.0057252077 0.0019042648 0.0012887034 0.0004801502 0.0090261419 -0.0021504901
417 -0.0026917539 0.0010115100 0.0004153737 0.0006812854 0.0070737899 -0.0015598109
418 -0.0008455002 0.0004036768 -0.0000128804 0.0006889161 0.0041959589 -0.0007887089
419 -0.0001966661 0.0000766035 0.0000330433 0.0004819532 0.0024216122 -0.0002151160
420 -0.0000391373 0.0000000267 0.0000453446 0.0006193561 0.0013437623 -0.0000335912
421 -0.0155070738 0.0038427754 0.0004518069 -0.0011345507 0.0031034750 -0.0051095267
422 -0.0143279916 0.0061130216 0.0012114736 -0.0016695204 0.0052050263 -0.0045988392
423 -0.0112901614 0.0040731073 0.0016505196 -0.0007451202 0.0066881732 -0.0034668586
424 -0.0090363027 0.0031298399 0.0017090796 -0.0002206249 0.0071170552 -0.0032391959
425 -0.0065596191 0.0021983436 0.0014342886 0.0002054517 0.0070276702 -0.0030495975
426 -0.0040942649 0.0013550846 0.0009337184 0.0007006099 0.0064289536 -0.0027705271
427 -0.0019257981 0.0007163771 0.0003145203 0.0010122232 0.0050551954 -0.0020043181
428 -0.0006069357 0.0002820234 0.0000086170 0.0010204577 0.0029952613 -0.0010399185
429 -0.0001461730 0.0000510382 0.0000361958 0.0007031495 0.0017471198 -0.0002999135
430 -0.0000287533 0.0000004213 0.0000326159 0.0008909751 0.0009447583 -0.0000474729
431 -0.0092388565 0.0022811792 0.0002767743 -0.0013625221 0.0018725809 -0.0051615378
432 -0.0086395869 0.0036601629 0.0007352826 -0.0020106834 0.0031026065 -0.0057186307
433 -0.0067713044 0.0024544427 0.0009933395 -0.0008997600 0.0040003098 -0.0039869248
434 -0.0054208473 0.0018734244 0.0010254107 -0.0002643307 0.0042615776 -0.0037637812
435 -0.0039351864 0.0013187894 0.0008628552 0.0002465904 0.0042069317 -0.0035279209
436 -0.0024549085 0.0008084233 0.0005677922 0.0008467518 0.0038561391 -0.0031830489
437 -0.0011446670 0.0004271526 0.0001926454 0.0012329519 0.0030469888 -0.0023017167
438 -0.0003538166 0.0001667192 0.0000092890 0.0012411311 0.0017845892 -0.0012066353
439 -0.0000878697 0.0000269027 0.0000289552 0.0008519830 0.0010501128 -0.0003552664
440 -0.0000163322 0.0000005813 0.0000175433 0.0010701202 0.0005627006 -0.0000569279
441 -0.0030687706 0.0007563228 0.0000928306 -0.0014753307 0.0006257384 -0.0051746960
442 -0.0028854140 0.0012187053 0.0002453300 -0.0021806069 0.0010300853 -0.0062708726
443 -0.0022548082 0.0008197624 0.0003296717 -0.0009776087 0.0013296838 -0.0042556749
444 -0.0018029520 0.0006233603 0.0003395272 -0.0002864265 0.0014165448 -0.0040215055
445 -0.0013070392 0.0004362176 0.0002898247 0.0002672166 0.0013978136 -0.0037687020
446 -0.0008109890 0.0002631754 0.0001951959 0.0009190873 0.0012979744 -0.0033894303
447 -0.0003542175 0.0001391809 0.0000589723 0.0013435164 0.0010459758 -0.0024506506
448 -0.0000918276 0.0000526984 -0.0000016930 0.0013515468 0.0005669531 -0.0012897678
449 -0.0000250640 0.0000038943 0.0000154493 0.0009263225 0.0003399271 -0.0003824108
450 -0.0000027465 0.0000006775 0.0000010107 0.0011593529 0.0001901012 -0.0000616342
451 0.0030696240 -0.0007561979 -0.0000940942 -0.0014753362 -0.0006264508 -0.0051746872
452 0.0028888809 -0.0012185747 -0.0002492401 -0.0021806036 -0.0010325772 -0.0062708616
453 0.0022620360 -0.0008202855 -0.0003362021 -0.0009775728 -0.0013351182 -0.0042557375
454 0.0018153282 -0.0006247368 -0.0003471108 -0.0002866508 -0.0014250564 -0.0040212782
455 0.0013224965 -0.0004471815 -0.0002838850 0.0002680626 -0.0014074307 -0.0037689758
456 0.0008342322 -0.0002812527 -0.0001794704 0.0009171287 -0.0012555647 -0.0033898231
457 0.0004394792 -0.0001521249 -0.0000782527 0.0013489888 -0.0009506154 -0.0024513413
458 0.0001732571 -0.0000646749 -0.0000161742 0.0013570222 -0.0006550239 -0.0012890733
459 0.0000390357 -0.0000183319 0.0000000370 0.0009243903 -0.0003743326 -0.0003820787
460 0.0000111710 0.0000008175 -0.0000160859 0.0011599779 -0.0001793990 -0.0000614620
461 0.0092397083 -0.0022810591 -0.0002780384 -0.0013625372 -0.0018732927 -0.0051615126
462 0.0086430660 -0.0036600260 -0.0007391971 -0.0020106746 -0.0031051130 -0.0057185970
463 0.0067785080 -0.0024549531 -0.0009999001 -0.0008996547 -0.0040057213 -0.0039871065
464 0.0054333524 -0.0018749071 -0.0010329345 -0.0002650032 -0.0042701876 -0.0037631284
465 0.0039506731 -0.0013295360 -0.0008573801 0.0002492740 -0.0042165332 -0.0035287070
466 0.0024776349 -0.0008256256 -0.0005509114 0.0008394048 -0.0038147896 -0.0031840410
467 0.0012302917 -0.0004489255 -0.0002144643 0.0012580085 -0.0029444170 -0.0023046363
468 0.0004356075 -0.0001875164 -0.0000296927 0.0012661895 -0.0018798533 -0.0012037047
469 0.0001012714 -0.0000404624 -0.0000122707 0.0008447347 -0.0010834507 -0.0003544527
470 0.0000246068 0.0000011205 -0.0000329150 0.0010721101 -0.0005518157 -0.0000564382
471 0.0155079221 -0.0038426647 -0.0004530722 -0.0011345709 -0.0031041856 -0.0051094901
472 0.0143314956 -0.0061128734 -0.0012153975 -0.0016695075 -0.0052075616 -0.0045987808
473 0.0112973193 -0.0040735859 -0.0016571420 -0.0007449630 -0.0066935414 -0.0034671390
474 0.0090490528 -0.0031315680 -0.0017164544 -0.0002216873 -0.0071258573 -0.0032382109
475 0.0065751819 -0.0022084384 -0.0014299948 0.0002101146 -0.0070372138 -0.0030507629
476 0.0041160114 -0.0013719610 -0.0009128527 0.0006850203 -0.0063900693 -0.0027717337
477 0.0020120877 -0.0007475681 -0.0003505505 0.0010743445 -0.0049363209 -0.0020108259
478 0.0006893894 -0.0003122272 -0.0000432197 0.0010825602 -0.0031067933 -0.0010333930
479 0.0001584898 -0.0000642489 -0.0000154651 0.0006877719 -0.0017779726 -0.0002989907
480 0.0000367472 0.0000018619 -0.0000487751 0.0008944463 -0.0009335296 -0.0000467675
481 0.0219504854 -0.0054643479 -0.0006133108 -0.0007865924 -0.0043088764 -0.0049610912
482 0.0198909444 -0.0085806352 -0.0016688847 -0.0011543567 -0.0073609350 -0.0028819084
483 0.0158327426 -0.0056658524 -0.0023038827 -0.0005156669 -0.0094093740 -0.0027332766
484 0.0126552392 -0.0044001721 -0.0023965185 -0.0001566864 -0.0099991993 -0.0024260164
485 0.0091954923 -0.0030797848 -0.0020010357 0.0001475968 -0.0098774580 -0.0023427959
486 0.0057455800 -0.0019252845 -0.0012596923 0.0004599182 -0.0089905559 -0.0021521812
487 0.0027789117 -0.0010330969 -0.0004859470 0.0007703924 -0.0069310554 -0.0015679569
488 0.0009288211 -0.0004242795 -0.0000562302 0.0007779821 -0.0043313015 -0.0007805413
489 0.0002074526 -0.0000938587 -0.0000041142 0.0004619963 -0.0024491323 -0.0002138006
490 0.0000467970 0.0000037415 -0.0000628263 0.0006231494 -0.0013317443 -0.0000329994
491 0.0286620730 -0.0071667698 -0.0007525029 -0.0003080292 -0.0054777972 -0.0046130598
492 0.0252240519 -0.0110594995 -0.0020902194 -0.0004555704 -0.0095881848 -0.0005274448
493 0.0204229856 -0.0072220891 -0.0029356175 -0.0002111288 -0.0121631314 -0.0018489145
494 0.0162329437 -0.0056875417 -0.0030726197 -0.0000653799 -0.0128974760 -0.0012885445
495 0.0118159656 -0.0039359422 -0.0025665110 0.0000538864 -0.0127468783 -0.0014215917
496 0.0073604116 -0.0024959097 -0.0015982159 0.0001979340 -0.0116193821 -0.0013239959
497 0.0035257011 -0.0012721174 -0.0005709763 0.0002138555 -0.0089542415 -0.0009704049
498 0.0011483275 -0.0004916346 -0.0000191607 0.0002188877 -0.0055281096 -0.0004528804
499 0.0002444481 -0.0001376411 0.0000149534 0.0002034567 -0.0030934013 -0.0000941588
500 0.0000542349 0.0000082529 -0.0000718459 0.0002480953 -0.0017539938 -0.0000165316
501 -0.0304057459 0.0075874015 0.0007174427 -0.0001885539 0.0044509753 -0.0052013346
502 -0.0262177282 0.0116055241 0.0020200422 -0.0002571495 0.0084643697 -0.0006654036
503 -0.0208447387 0.0074127677 0.0028831854 -0.0000956298 0.0116048111 -0.0020077062
504 -0.0163531075 0.0057489588 0.0030643612 -0.0000212335 0.0130806218 -0.0013587768
505 -0.0117252920 0.0038587920 0.0026611113 0.0000721673 0.0134384778 -0.0015001656
506 -0.0069256711 0.0021560710 0.0018849870 0.0002690110 0.0127422411 -0.0015101606
507 -0.0024654134 0.0008189490 0.0007009012 0.0004579372 0.0102091918 -0.0012059052
508 -0.0001087987 0.0000403966 0.0001669637 0.0004598633 0.0053524004 -0.0002130886
509 0.0001261691 -0.0002054362 0.0003430814 0.0002639693 0.0029456869 0.0000974242
510 -0.0000172146 -0.0001260295 0.0003033509 0.0002433217 0.0017752236 0.0000139716
511 -0.0232692672 0.0057789039 0.0005915613 -0.0005043269 0.0034862751 -0.0056496340
512 -0.0206911336 0.0089998467 0.0016243821 -0.0007043987 0.0065130329 -0.0032726445
513 -0.0161590833 0.0058172034 0.0022686970 -0.0002820186 0.0089956376 -0.0029761961
514 -0.0127487792 0.0044455071 0.0023912868 -0.0000712967 0.0101497623 -0.0025773204
515 -0.0091164923 0.0030143865 0.0020692704 0.0001617507 0.0104182808 -0.0025075689
516 -0.0053941972 0.0016726153 0.0014836599 0.0006424719 0.0098413351 -0.0025021187
517 -0.0019473554 0.0006350241 0.0005882704 0.0012162440 0.0079170397 -0.0018826496
518 -0.0001140383 0.0000273447 0.0001726264 0.0012185362 0.0041858733 -0.0004634969
519 0.0000941790 -0.0001601095 0.0002818813 0.0006245250 0.0023592980 0.0001256263
520 -0.0000108198 -0.0000957223 0.0002271963 0.0006014600 0.0013464200 0.0000557965
521 -0.0164309365 0.0040602135 0.0004403358 -0.0007332983 0.0025038003 -0.0058622718
522 -0.0149150132 0.0064086332 0.0011882952 -0.0010359155 0.0046158429 -0.0051728037
523 -0.0115294892 0.0041831425 0.0016340294 -0.0004249635 0.0064084452 -0.0037794161
524 -0.0091133463 0.0031625062 0.0017115006 -0.0001085818 0.0072375048 -0.0034455303
525 -0.0065116496 0.0021575524 0.0014786762 0.0002295949 0.0074231307 -0.0032829194
526 -0.0038542140 0.0011878087 0.0010751590 0.0009197211 0.0069989337 -0.0032397786
527 -0.0013947536 0.0004787589 0.0004116801 0.0017726390 0.0056745253 -0.0023891380
528 -0.0000849500 0.0000442387 0.0001147465 0.0017738617 0.0029699196 -0.0006541671
529 0.0000659681 -0.0001194924 0.0002153815 0.0008965457 0.0017145640 0.0001483733
530 -0.0000052942 -0.0000669477 0.0001563356 0.0008670956 0.0009452717 0.0000875844
531 -0.0097859927 0.0024087067 0.0002712484 -0.0008807626 0.0015078939 -0.0059526995
532 -0.0089964344 0.0038359496 0.0007236738 -0.0012525422 0.0027556284 -0.0064121000
533 -0.0069154443 0.0025209841 0.0009850305 -0.0005200617 0.0038379776 -0.0043488144
534 -0.0054673006 0.0018926783 0.0010270267 -0.0001321869 0.0043380426 -0.0040063134
535 -0.0039052197 0.0012945062 0.0008884954 0.0002757901 0.0044463130 -0.0038073416
536 -0.0023095704 0.0007007232 0.0006618106 0.0011063233 0.0041970918 -0.0037302182
537 -0.0008170440 0.0003357470 0.0001951138 0.0021077791 0.0034647576 -0.0027168263
538 -0.0000316217 0.0000751201 0.0000171989 0.0021075673 0.0017211855 -0.0007921033
539 0.0000408156 -0.0000825307 0.0001453421 0.0010811493 0.0010302448 0.0001643916
540 -0.0000007675 -0.0000389891 0.0000889782 0.0010426222 0.0005613334 0.0001093268
541 -0.0032499696 0.0007983133 0.0000912769 -0.0009528984 0.0005037659 -0.0059838847
542 -0.0030051208 0.0012771279 0.0002416459 -0.0013594785 0.0009168829 -0.0070232915
543 -0.0023024419 0.0008417368 0.0003272110 -0.0005674567 0.0012779396 -0.0046432194
544 -0.0018185049 0.0006300335 0.0003395810 -0.0001436538 0.0014461863 -0.0042818364
545 -0.0012965921 0.0004286930 0.0002983051 0.0002988081 0.0014807227 -0.0040715415
546 -0.0007623982 0.0002117972 0.0002448828 0.0012054272 0.0014190538 -0.0039765039
547 -0.0002242825 0.0001941307 -0.0000341816 0.0022182772 0.0012684192 -0.0028629415
548 0.0000361153 0.0001075725 -0.0000928676 0.0022171674 0.0004590151 -0.0008790513
549 0.0000176454 -0.0000478692 0.0000725929 0.0011795896 0.0003230934 0.0001738689
550 0.0000030844 -0.0000113874 0.0000236411 0.0011295329 0.0001866483 0.0001207445
551 0.0032508629 -0.0007982764 -0.0000923544 -0.0009528797 -0.0005031213 -0.0059838989
552 0.0030084678 -0.0012766654 -0.0002462416 -0.0013595357 -0.0009148218 -0.0070232174
553 0.0023114503 -0.0008432318 -0.0003335884 -0.0005673254 -0.0012785861 -0.0046434003
554 0.0018306930 -0.0006303720 -0.0003489131 -0.0001437852 -0.0014430493 -0.0042815171
555 0.0013130795 -0.0004378729 -0.0002918322 0.0002977729 -0.0014811744 -0.0040714963
556 0.0007853563 -0.0002771880 -0.0001752177 0.0012187974 -0.0013509603 -0.0039805498
557 0.0003735721 0.0000416547 -0.0002482973 0.0021102529 -0.0009333729 -0.0028294193
558 0.0001087141 0.0001291894 -0.0001876844 0.0021092061 -0.0007976855 -0.0009126020
559 -0.0000050831 -0.0000133779 -0.0000029833 0.0011927572 -0.0003917167 0.0001778960
560 0.0000068715 0.0000160896 -0.0000409499 0.0011284906 -0.0001852217 0.0001213383
561 0.0097868784 -0.0024086677 -0.0002723272 -0.0008807104 -0.0015072395 -0.0059527470
562 0.0089998108 -0.0038355022 -0.0007282810 -0.0012527082 -0.0027535540 -0.0064118800
563 0.0069244330 -0.0025224305 -0.0009914054 -0.0005196645 -0.0038387244 -0.0043493254
564 0.0054794581 -0.0018931054 -0.0010364564 -0.0001326306 -0.0043345805 -0.0040055180
565 0.0039223387 -0.0013037726 -0.0008815891 0.0002728466 -0.0044472229 -0.0038065570
566 0.0023312967 -0.0007628174 -0.0005989210 0.0011449479 -0.0041280857 -0.0037436592
567 0.0009669577 -0.0001375438 -0.0004189447 0.0018041349 -0.0031559960 -0.0026230680
568 0.0001770441 0.0001240669 -0.0002391212 0.0018041095 -0.0020335394 -0.0008859350
569 -0.0000295043 0.0000245318 -0.0000823716 0.0011192068 -0.0010998504 0.0001777254
570 0.0000114317 0.0000434222 -0.0001059093 0.0010396363 -0.0005600947 0.0001104940
571 0.0164318056 -0.0040601665 -0.0004414164 -0.0007332218 -0.0025031251 -0.0058623584
572 0.0149184494 -0.0064082277 -0.0011929236 -0.0010361789 -0.0046137402 -0.0051724591
573 0.0115384504 -0.0041844628 -0.0016404144 -0.0004242651 -0.0064094007 -0.0037801376
574 0.0091253650 -0.0031631085 -0.0017210863 -0.0001096494 -0.0072333419 -0.0034447398
575 0.0065303905 -0.0021675598 -0.0014708697 0.0002262276 -0.0074252232 -0.0032797392
576 0.0038723232 -0.0012396965 -0.0010261068 0.0009741191 -0.0069280944 -0.0032652650
577 0.0015467761 -0.0003655372 -0.0005235989 0.0013531869 -0.0054055509 -0.0022563741
578 0.0002324253 0.0000699916 -0.0002247994 0.0013546891 -0.0032424361 -0.0007870122
579 -0.0000583396 0.0000716044 -0.0001659808 0.0009501937 -0.0017860744 0.0001735205
580 0.0000177895 0.0000702561 -0.0001724456 0.0008633976 -0.0009442671 0.0000877232
581 0.0232701110 -0.0057788376 -0.0005926464 -0.0005042317 -0.0034855695 -0.0056497502
582 0.0206946546 -0.0089995244 -0.0016290238 -0.0007047680 -0.0065108869 -0.0032722330
583 0.0161680410 -0.0058182942 -0.0022751996 -0.0002808244 -0.0089968896 -0.0029769361
584 0.0127604167 -0.0044462882 -0.0024006924 -0.0000742825 -0.0101446298 -0.0025770717
585 0.0091383693 -0.0030269800 -0.0020615636 0.0001646783 -0.0104218595 -0.0025006995
586 0.0054047051 -0.0017008637 -0.0014490652 0.0006769394 -0.0097712802 -0.0025393660
587 0.0021041512 -0.0006698999 -0.0005743867 0.0008843756 -0.0076667498 -0.0017470929
588 0.0002662250 -0.0000611451 -0.0001569247 0.0008868744 -0.0044396727 -0.0005990852
589 -0.0000943146 0.0001357049 -0.0002466498 0.0006586477 -0.0024299460 0.0001621524
590 0.0000268406 0.0000959218 -0.0002431009 0.0006025015 -0.0013463527 0.0000532573
591 0.0304065529 -0.0075873195 -0.0007185582 -0.0001884120 -0.0044502139 -0.0052015085
592 0.0262213683 -0.0116052986 -0.0020245900 -0.0002577506 -0.0084622371 -0.0006648672
593 0.0208536841 -0.0074135959 -0.0028903900 -0.0000931474 -0.0116061443 -0.0020086913
594 0.0163642417 -0.0057496618 -0.0030710912 -0.0000305244 -0.0130754202 -0.0013581406
595 0.0117515092 -0.0038771427 -0.0026638077 0.0001032562 -0.0134396084 -0.0014929511
596 0.0069250427 -0.0021418512 -0.0018256411 0.0001800680 -0.0126924088 -0.0015472820
597 0.0026294063 -0.0010707157 -0.0007202827 0.0006764173 -0.0098789049 -0.0011108753
598 0.0002681469 -0.0002909644 -0.0001843654 0.0006778464 -0.0056862512 -0.0003080920
599 -0.0001377095 0.0002232576 -0.0002834807 0.0001768672 -0.0029956690 0.0001337385
600 0.0000378101 0.0001202667 -0.0003267773 0.0002665373 -0.0017809910 0.0000093073
601 -0.0318470841 0.0078245001 0.0009862703 -0.0000410157 0.0032845510 -0.0056822464
602 -0.0272753962 0.0118909582 0.0025464800 -0.0000153433 0.0073297496 -0.0007012255
603 -0.0214831293 0.0074976620 0.0032895869 0.0000337170 0.0111136776 -0.0021265306
604 -0.0166315721 0.0057769588 0.0032978128 0.0000304140 0.0132848177 -0.0014465669
605 -0.0117485648 0.0038004556 0.0028308691 0.0000545872 0.0140229734 -0.0015584153
606 -0.0066201120 0.0018312146 0.0022881735 0.0002718018 0.0135885649 -0.0016786139
607 -0.0013051466 -0.0000342315 0.0016004617 0.0009240539 0.0112373811 -0.0018913041
608 0.0010505526 -0.0008097791 0.0010617479 0.0009220286 0.0053544925 0.0004726184
609 0.0004256756 -0.0005284184 0.0007481992 0.0002497118 0.0029888255 0.0002668865
610 -0.0000026721 -0.0002106313 0.0004833149 0.0001904147 0.0018227848 0.0000299163
611 -0.0243606966 0.0059489714 0.0008117334 -0.0001539982 0.0025483297 -0.0062312054
612 -0.0215406281 0.0092143104 0.0020463807 -0.0001593135 0.0056639658 -0.0034823932
613 -0.0166523017 0.0058856974 0.0025867792 -0.0000169947 0.0086363870 -0.0031308012
614 -0.0129656992 0.0044628928 0.0025747121 0.0000254158 0.0103150542 -0.0027258398
615 -0.0091315163 0.0029642923 0.0021997652 0.0001320952 0.0108825425 -0.0026299047
616 -0.0051356394 0.0014313498 0.0017781336 0.0006068760 0.0104809240 -0.0029449035
617 -0.0010663578 -0.0000139773 0.0012576858 0.0021737731 0.0087002712 -0.0028276063
618 0.0007664830 -0.0006194442 0.0008381465 0.0021691653 0.0041983942 0.0004738996
619 0.0003494474 -0.0003990865 0.0005766363 0.0005578319 0.0024088094 0.0005523124
620 0.0000040620 -0.0001627521 0.0003588358 0.0004918165 0.0013761535 0.0001073032
621 -0.0171959099 0.0041763679 0.0006037211 -0.0002268701 0.0018175966 -0.0065083732
622 -0.0155341050 0.0065610494 0.0014970771 -0.0002552746 0.0040272385 -0.0055073914
623 -0.0118815673 0.0042360633 0.0018625012 -0.0000515015 0.0061647987 -0.0039702304
624 -0.0092674184 0.0031729927 0.0018445246 0.0000264532 0.0073586723 -0.0036383533
625 -0.0065213410 0.0021234099 0.0015692663 0.0001961045 0.0077588440 -0.0034630098
626 -0.0036692250 0.0010249766 0.0012857725 0.0008540113 0.0074530953 -0.0038753955
627 -0.0007600583 -0.0000138334 0.0008500556 0.0030409659 0.0063100242 -0.0035168236
628 0.0005496944 -0.0004471066 0.0005502760 0.0030323426 0.0028984447 0.0004557971
629 0.0002491738 -0.0002807002 0.0004253501 0.0007873411 0.0017501457 0.0007524678
630 0.0000066354 -0.0001137703 0.0002450624 0.0007160156 0.0009643658 0.0001702820
631 -0.0102395013 0.0024767111 0.0003712341 -0.0002736847 0.0010900729 -0.0066371447
632 -0.0093723682 0.0039276665 0.0009113605 -0.0003195767 0.0024097782 -0.0068270929
633 -0.0071275068 0.0025552969 0.0011217847 -0.0000769599 0.0036988822 -0.0045666454
634 -0.0055581805 0.0018964247 0.0011086881 0.0000269509 0.0044115799 -0.0042279957
635 -0.0039126431 0.0012799830 0.0009384335 0.0002394920 0.0046502562 -0.0040287592
636 -0.0022124464 0.0006090524 0.0008060334 0.0010104877 0.0044764638 -0.0044820465
637 -0.0004086929 -0.0000217278 0.0004110706 0.0035967879 0.0040078300 -0.0039585909
638 0.0003769808 -0.0002818974 0.0002315648 0.0035849876 0.0015132096 0.0004246178
639 0.0001370739 -0.0001729757 0.0002888341 0.0009342996 0.0010427645 0.0008746483
640 0.0000042965 -0.0000634729 0.0001387648 0.0008649091 0.0005729304 0.0002148825
641 -0.0034003811 0.0008207081 0.0001248832 -0.0002969481 0.0003640295 -0.0066862072
642 -0.0031313148 0.0013077391 0.0003049928 -0.0003524038 0.0008033697 -0.0074776816
643 -0.0023745068 0.0008547274 0.0003718289 -0.0000910374 0.0012367302 -0.0048748585
644 -0.0018462738 0.0006266520 0.0003701388 0.0000276562 0.0014696617 -0.0045186137
645 -0.0013042391 0.0004357098 0.0003070219 0.0002607022 0.0015529135 -0.0043142556
646 -0.0007574069 0.0001817924 0.0003363115 0.0010799731 0.0015235051 -0.0047743155
647 -0.0000338844 -0.0000181375 -0.0000479151 0.0038694098 0.0017439329 -0.0041519658
648 0.0002269580 -0.0001048582 -0.0001068903 0.0038559494 0.0000912468 0.0003812553
649 0.0000224498 -0.0000766629 0.0001633763 0.0009995926 0.0003134970 0.0009256093
650 -0.0000018099 -0.0000119600 0.0000364374 0.0009391952 0.0001904712 0.0002383080
651 0.0034008564 -0.0008207455 -0.0001259192 -0.0002969171 -0.0003615987 -0.0066862343
652 0.0031340289 -0.0013074355 -0.0003079752 -0.0003523370 -0.0007994162 -0.0074777508
653 0.0023795643 -0.0008526099 -0.0003811282 -0.0000916127 -0.0012241550 -0.0048742356
654 0.0018658310 -0.0006409041 -0.0003689325 0.0000296009 -0.0014709123 -0.0045203237
655 0.0013034964 -0.0004080157 -0.0003257246 0.0002586269 -0.0015376066 -0.0043145756
656 0.0007027982 -0.0002582139 -0.0001260126 0.0010712154 -0.0014313183 -0.0047604636
657 0.0003437669 0.0000191707 -0.0005198038 0.0038466572 -0.0005298897 -0.0040917854
658 0.0000794893 0.0001059671 -0.0004581379 0.0038332641 -0.0013203085 0.0003208944
659 -0.0000871588 0.0000069288 0.0000455387 0.0009903527 -0.0004133295 0.0009124265
660 -0.0000097993 0.0000407603 -0.0000654585 0.0009384762 -0.0001925787 0.0002388275
661 0.0102399670 -0.0024767255 -0.0003722962 -0.0002736033 -0.0010876353 -0.0066372258
662 0.0093750617 -0.0039273900 -0.0009142907 -0.0003193639 -0.0024057635 -0.0068272762
663 0.0071328019 -0.0025532700 -0.0011312991 -0.0000786749 -0.0036863634 -0.0045649198
664 0.0055773768 -0.0019103816 -0.0011067258 0.0000328950 -0.0044139507 -0.0042328307
665 0.0039097741 -0.0012495868 -0.0009604491 0.0002309593 -0.0046259199 -0.0040286687
666 0.0021739105 -0.0007121845 -0.0005858600 0.0010000053 -0.0044105768 -0.0044494580
667 0.0007047857 0.0001108757 -0.0009869282 0.0034728708 -0.0028679444 -0.0037696537
668 -0.0000844092 0.0003710500 -0.0008046052 0.0034612923 -0.0026681180 0.0002351541
669 -0.0001855537 0.0000764737 -0.0000702703 0.0009223339 -0.0011164523 0.0008439879
670 -0.0000176448 0.0000950069 -0.0001702268 0.0008607444 -0.0005849367 0.0002151559
671 0.0171963563 -0.0041763395 -0.0006048283 -0.0002267738 -0.0018151531 -0.0065085020
672 0.0155367658 -0.0065608359 -0.0014999187 -0.0002548784 -0.0040231066 -0.0055076649
673 0.0118872859 -0.0042341188 -0.0018723931 -0.0000543599 -0.0061523169 -0.0039675996
674 0.0092860060 -0.0031867979 -0.0018413297 0.0000370052 -0.0073634070 -0.0036462624
675 0.0065146127 -0.0020867714 -0.0015961481 0.0001729265 -0.0077175748 -0.0034572297
676 0.0036593337 -0.0011798233 -0.0010557805 0.0008931661 -0.0074312091 -0.0038535370
677 0.0010316113 0.0002683938 -0.0013963140 0.0026408189 -0.0053376717 -0.0031805279
678 -0.0002818298 0.0007015026 -0.0010934768 0.0026326791 -0.0038858265 0.0001186974
679 -0.0002687652 0.0001324878 -0.0001973338 0.0008237948 -0.0017801441 0.0007333969
680 -0.0000229429 0.0001512658 -0.0002801073 0.0007013153 -0.0009947731 0.0001652399
681 0.0243611245 -0.0059488395 -0.0008128824 -0.0001539550 -0.0025459093 -0.0062312601
682 0.0215432022 -0.0092143028 -0.0020491511 -0.0001586526 -0.0056596061 -0.0034830602
683 0.0166587453 -0.0058834610 -0.0025969926 -0.0000211759 -0.0086240471 -0.0031264111
684 0.0129829329 -0.0044776710 -0.0025709697 0.0000426029 -0.0103226426 -0.0027403136
685 0.0091219681 -0.0029171208 -0.0022266527 0.0000765140 -0.0108215695 -0.0026014769
686 0.0051560459 -0.0016544045 -0.0015703614 0.0007930212 -0.0104982821 -0.0029914771
687 0.0013111807 0.0004758282 -0.0016031311 0.0011856244 -0.0080229038 -0.0023405060
688 -0.0005255609 0.0010808638 -0.0011802896 0.0011821077 -0.0048908143 -0.0000140342
689 -0.0003386868 0.0001829477 -0.0003709541 0.0007393131 -0.0023998507 0.0006010695
690 -0.0000208057 0.0002089253 -0.0003937055 0.0004514491 -0.0014288942 0.0000842735
691 0.0318475876 -0.0078239417 -0.0009873995 -0.0000411786 -0.0032823975 -0.0056813498
692 0.0272774392 -0.0118917706 -0.0025493681 -0.0000141786 -0.0073245482 -0.0007042913
693 0.0214917679 -0.0074937215 -0.0032992647 0.0000274295 -0.0111030570 -0.0021148840
694 0.0166431828 -0.0057953744 -0.0032983233 0.0000592490 -0.0132908914 -0.0014833064
695 0.0117481524 -0.0037409483 -0.0028325052 -0.0000651694 -0.0139563247 -0.0014622984
696 0.0066437468 -0.0021087635 -0.0022258818 0.0007552291 -0.0135930073 -0.0018919817
697 0.0015414823 0.0006457402 -0.0012294234 -0.0010894506 -0.0110105019 -0.0013303477
698 -0.0008181517 0.0014207185 -0.0006876802 -0.0010889612 -0.0055966175 -0.0000883146
699 -0.0004128276 0.0002585479 -0.0006863982 0.0007246781 -0.0029918966 0.0004769963
700 0.0000029834 0.0002619181 -0.0004983266 0.0000983530 -0.0018903767 -0.0000381212
701 -0.0329294617 0.0078224572 0.0017012137 0.0001778042 0.0015374557 -0.0059280121
702 -0.0284652856 0.0118604684 0.0038344084 0.0002885603 0.0062104615 -0.0006449587
703 -0.0223313657 0.0074790129 0.0041625430 0.0001552266 0.0108613087 -0.0022636341
704 -0.0170195684 0.0057660642 0.0037314389 0.0000735222 0.0136050872 -0.0015758968
705 -0.0117874775 0.0037534467 0.0030164185 0.0000622374 0.0144934142 -0.0016843367
706 -0.0063828853 0.0016124439 0.0024930824 0.0000979777 0.0138513407 -0.0017481310
707 -0.0000764504 -0.0010299797 0.0029655431 0.0010544604 0.0112829767 -0.0030365401
708 0.0022976780 -0.0018005826 0.0023964356 0.0010474985 0.0061956107 0.0015624176
709 0.0007130083 -0.0007318588 0.0008687243 0.0000563762 0.0034549738 0.0002866307
710 0.0000854414 -0.0002465645 0.0004856381 0.0001257015 0.0018313863 0.0000776730
711 -0.0251852892 0.0059558775 0.0013701462 0.0003397487 0.0011600143 -0.0065593212
712 -0.0224856898 0.0092154839 0.0030433809 0.0005210168 0.0048417323 -0.0034981914
713 -0.0173041923 0.0058886676 0.0032558304 0.0002465290 0.0084542111 -0.0032810725
714 -0.0132649143 0.0044629593 0.0029062913 0.0001232756 0.0105631973 -0.0029410298
715 -0.0091608050 0.0029233110 0.0023455939 0.0001438359 0.0112426702 -0.0028076361
716 -0.0049379176 0.0013075944 0.0019087742 0.0002829954 0.0107146340 -0.0033762759
717 -0.0001218911 -0.0009729792 0.0022594164 0.0019642939 0.0087463390 -0.0044662127
718 0.0017252863 -0.0015758148 0.0018167215 0.0019498655 0.0048262906 0.0019946127
719 0.0005866934 -0.0005159752 0.0006439699 0.0001938961 0.0027291254 0.0008702932
720 0.0000738863 -0.0001960058 0.0003567266 0.0003445810 0.0013879842 0.0001485707
721 -0.0177764885 0.0041818112 0.0009984976 0.0004326752 0.0008118729 -0.0068901283
722 -0.0162183878 0.0065678479 0.0021987781 0.0006494713 0.0034643074 -0.0055726096
723 -0.0123445944 0.0042432533 0.0023310412 0.0002879385 0.0060434432 -0.0041313922
724 -0.0094801891 0.0031723059 0.0020743180 0.0001416725 0.0075395700 -0.0039048442
725 -0.0065345964 0.0020873077 0.0016756608 0.0001974068 0.0080053452 -0.0036852243
726 -0.0035649435 0.0010127334 0.0013464771 0.0003993738 0.0076529116 -0.0045325908
727 -0.0000472620 -0.0011046566 0.0017369681 0.0026912705 0.0063528622 -0.0055686352
728 0.0012729560 -0.0015362088 0.0014212222 0.0026723359 0.0033295831 0.0023513467
729 0.0003821277 -0.0002891603 0.0004437423 0.0002867559 0.0019399634 0.0012582828
730 0.0000654914 -0.0001440863 0.0002440007 0.0005084746 0.0009811887 0.0002172882
731 -0.0105848339 0.0024792175 0.0006066066 0.0004885981 0.0004813803 -0.0070509107
732 -0.0097862407 0.0039322155 0.0013286394 0.0007256943 0.0020816083 -0.0069240667
733 -0.0074057323 0.0025614509 0.0014003380 0.0003111266 0.0036295967 -0.0047377242
734 -0.0056862203 0.0018929991 0.0012424716 0.0001510461 0.0045268550 -0.0045296637
735 -0.0039069977 0.0012490038 0.0010104536 0.0002377697 0.0047772568 -0.0042846331
736 -0.0022335531 0.0007260966 0.0008002876 0.0004388463 0.0046397059 -0.0052539232
737 0.0001047695 -0.0013647781 0.0013220645 0.0033299410 0.0040488609 -0.0064188049
738 0.0008970848 -0.0016238602 0.0011329188 0.0033076712 0.0017524260 0.0027018876
739 0.0001338821 -0.0000539769 0.0002593861 0.0003137562 0.0011094094 0.0014689922
740 0.0000549048 -0.0000919897 0.0001431964 0.0006213102 0.0005972036 0.0002697511
741 -0.0035152713 0.0008213625 0.0002033224 0.0005157904 0.0001605406 -0.0071148871
742 -0.0032698941 0.0013088525 0.0004438260 0.0007627149 0.0006962055 -0.0075906623
743 -0.0024696782 0.0008590654 0.0004659548 0.0003224822 0.0012142892 -0.0050507037
744 -0.0018915160 0.0006219766 0.0004104020 0.0001550654 0.0015216168 -0.0048426097
745 -0.0012769777 0.0004070343 0.0003488536 0.0002685323 0.0015546092 -0.0045879908
746 -0.0009209870 0.0004506683 0.0002616969 0.0003914312 0.0016534110 -0.0055516976
747 0.0002971789 -0.0017079312 0.0009611679 0.0039399078 0.0017984677 -0.0070579908
748 0.0005608256 -0.0017941656 0.0008984077 0.0039156176 0.0001274800 0.0030898558
749 -0.0001338576 0.0001920310 0.0000826044 0.0002610681 0.0002571428 0.0015109010
750 0.0000435321 -0.0000428067 0.0000501751 0.0006865593 0.0002257632 0.0003002916
751 0.0035149001 -0.0008212368 -0.0002037823 0.0005157972 -0.0001572344 -0.0071147524
752 0.0032720838 -0.0013097082 -0.0004460404 0.0007628009 -0.0006898696 -0.0075916988
753 0.0024675117 -0.0008501506 -0.0004697914 0.0003223149 -0.0012018684 -0.0050465239
754 0.0019010768 -0.0006443539 -0.0004221850 0.0001530328 -0.0014796716 -0.0048519875
755 0.0013556061 -0.0004425965 -0.0003104776 0.0002919488 -0.0016672056 -0.0045921971
756 0.0003933888 0.0001911485 -0.0002770461 0.0002465941 -0.0013280003 -0.0054209690
757 0.0004946124 -0.0020944318 0.0006067026 0.0045597395 -0.0004334945 -0.0075034762
758 0.0002292645 -0.0020075484 0.0006702544 0.0045349968 -0.0015138311 0.0035352977
759 -0.0003999329 0.0004532093 -0.0000941963 0.0001173146 -0.0005977964 0.0013799395
760 0.0000345240 -0.0000001905 -0.0000393485 0.0007076857 -0.0001422029 0.0003106672
761 0.0105845263 -0.0024788807 -0.0006070402 0.0004885750 -0.0004782009 -0.0070503374
762 0.0097879317 -0.0039332433 -0.0013309038 0.0007259983 -0.0020747516 -0.0069272467
763 0.0074055928 -0.0025534144 -0.0014040097 0.0003107182 -0.0036187269 -0.0047259958
764 0.0056909085 -0.0019092243 -0.0012551181 0.0001440236 -0.0044815467 -0.0045533270
765 0.0039883908 -0.0013047681 -0.0009690911 0.0003116467 -0.0048911136 -0.0043101502
766 0.0017342654 -0.0000490933 -0.0008208941 -0.0000046989 -0.0043297831 -0.0048436222
767 0.0006592532 -0.0024825279 0.0002033341 0.0052056133 -0.0026975051 -0.0077490486
768 -0.0001349124 -0.0022221566 0.0003932120 0.0051818322 -0.0031253170 0.0040320391
769 -0.0006392912 0.0007325631 -0.0002760042 -0.0001262219 -0.0014339903 0.0010582211
770 0.0000284992 0.0000327633 -0.0001300159 0.0006880161 -0.0005166282 0.0003101000
771 0.0177763500 -0.0041811704 -0.0009988870 0.0004325062 -0.0008090314 -0.0068887948
772 0.0162190350 -0.0065688372 -0.0022011278 0.0006500669 -0.0034564340 -0.0055776649
773 0.0123480961 -0.0042379069 -0.0023344237 0.0002877260 -0.0060350509 -0.0041157599
774 0.0094776661 -0.0031748034 -0.0020884483 0.0001267670 -0.0074904613 -0.0039269821
775 0.0066132050 -0.0021833629 -0.0016300319 0.0003315143 -0.0081134220 -0.0037739139
776 0.0031384470 -0.0002723770 -0.0013682495 -0.0003629785 -0.0073830802 -0.0037876671
777 0.0007457558 -0.0028181024 -0.0003311281 0.0058498290 -0.0050851607 -0.0077556072
778 -0.0005765616 -0.0023839902 -0.0000147576 0.0058279016 -0.0046190528 0.0045381529
779 -0.0008143448 0.0010272001 -0.0004611282 -0.0004686369 -0.0022240331 0.0005139940
780 0.0000176736 0.0000553106 -0.0002274060 0.0006292618 -0.0009105005 0.0003162602
781 0.0251854142 -0.0059552618 -0.0013704944 0.0003393486 -0.0011576691 -0.0065575808
782 0.0224850468 -0.0092152310 -0.0030458091 0.0005217369 -0.0048329236 -0.0035026713
783 0.0173110665 -0.0058899627 -0.0032589459 0.0002478155 -0.0084465802 -0.0032723331
784 0.0132603008 -0.0044413117 -0.0029216758 0.0000955918 -0.0105188410 -0.0029263454
785 0.0092100698 -0.0030782227 -0.0022995533 0.0003485208 -0.0113162279 -0.0030406315
786 0.0046668826 -0.0004945041 -0.0019020393 -0.0007992790 -0.0105285534 -0.0022032241
787 0.0006940464 -0.0030164099 -0.0011410948 0.0063524857 -0.0077835245 -0.0074268784
788 -0.0011556674 -0.0024092648 -0.0006978503 0.0063331273 -0.0058107944 0.0049544242
789 -0.0008616440 0.0013203377 -0.0006325555 -0.0008767890 -0.0029318663 -0.0002962223
790 -0.0000247684 0.0000728569 -0.0003396300 0.0005261886 -0.0013422257 0.0003570645
791 0.0329295703 -0.0078234376 -0.0017015672 0.0001775562 -0.0015346476 -0.0059293898
792 0.0284649344 -0.0118556159 -0.0038368068 0.0002882671 -0.0062037352 -0.0006395348
793 0.0223350508 -0.0074948394 -0.0041658656 0.0001611410 -0.0108438475 -0.0022895779
794 0.0170365996 -0.0057057960 -0.0037453465 0.0000279157 -0.0135976907 -0.0014524549
795 0.0117362032 -0.0039792896 -0.0029870771 0.0003285540 -0.0144561716 -0.0022021574
796 0.0064243996 -0.0007602361 -0.0023683182 -0.0011950796 -0.0138196498 -0.0000149775
797 0.0004180187 -0.0029256902 -0.0025042948 0.0062663690 -0.0112010619 -0.0065579673
798 -0.0019601197 -0.0021491993 -0.0019343465 0.0062530067 -0.0062974188 0.0050798138
799 -0.0006687486 0.0015656959 -0.0007399890 -0.0012200815 -0.0035166899 -0.0014204926
800 -0.0001656328 0.0001052928 -0.0004813990 0.0003501382 -0.0018368438 0.0004728711
801 -0.0335033320 0.0074819097 0.0030801100 0.0004961640 -0.0014668676 -0.0054077137
802 -0.0299654048 0.0114842370 0.0060251025 0.0006704468 0.0052647873 -0.0006910518
803 -0.0232440532 0.0074082701 0.0053624339 0.0002585792 0.0107325077 -0.0024465711
804 -0.0174652265 0.0057115941 0.0042957629 0.0001323315 0.0135421233 -0.0017633886
805 -0.0118035163 0.0036931450 0.0031588701 0.0000690115 0.0145122169 -0.0018874229
806 -0.0058823635 0.0015079401 0.0022307271 0.0000033672 0.0130849253 -0.0019915142
807 0.0008170132 -0.0011945339 0.0024694348 -0.0009788261 0.0097914481 -0.0031819029
808 0.0032228626 -0.0019585445 0.0018493523 -0.0009922102 0.0077055394 0.0015694023
809 0.0013148763 -0.0008070813 0.0004379547 -0.0000627926 0.0041137293 0.0003938205
810 0.0002759641 -0.0002534791 0.0002565046 0.0000356313 0.0015708224 0.0001567573
811 -0.0256438108 0.0056709816 0.0024103946 0.0008042450 -0.0011650224 -0.0060596089
812 -0.0236197663 0.0088710538 0.0046997982 0.0010236434 0.0041236613 -0.0035004480
813 -0.0179912378 0.0057831983 0.0041682672 0.0003117195 0.0082356385 -0.0036497981
814 -0.0136058606 0.0043886357 0.0033371812 0.0001406669 0.0103648599 -0.0034222846
815 -0.0091728234 0.0028570812 0.0024511867 0.0000911876 0.0111045405 -0.0033461286
816 -0.0045510378 0.0012198879 0.0017061579 0.0000651320 0.0099957766 -0.0039462990
817 0.0005637798 -0.0010955209 0.0019078346 -0.0014721391 0.0074372820 -0.0048630282
818 0.0024351035 -0.0016884859 0.0014263099 -0.0014848132 0.0059525698 0.0018830399
819 0.0010496638 -0.0005685542 0.0003149357 -0.0000246176 0.0031738738 0.0009529425
820 0.0002205858 -0.0001980024 0.0001753294 0.0001500390 0.0011784061 0.0002322564
821 -0.0181112700 0.0039680068 0.0017457597 0.0010863663 -0.0008472355 -0.0063983295
822 -0.0170073164 0.0062936278 0.0033915629 0.0013905380 0.0029567197 -0.0055689237
823 -0.0128221745 0.0041411840 0.0029945643 0.0004348053 0.0058094460 -0.0047215041
824 -0.0097213129 0.0031039270 0.0023945284 0.0002044276 0.0072945687 -0.0047082611
825 -0.0065443611 0.0020313295 0.0017584539 0.0001405688 0.0078276225 -0.0045816531
826 -0.0032872581 0.0009484661 0.0012026928 0.0001446837 0.0069794149 -0.0054434705
827 0.0004418949 -0.0011973871 0.0015068770 -0.0018780811 0.0050519489 -0.0062295439
828 0.0017792618 -0.0016196198 0.0011615378 -0.0018992386 0.0043694553 0.0020988265
829 0.0007133896 -0.0003224418 0.0002050324 0.0000162038 0.0022904463 0.0012934608
830 0.0001684511 -0.0001434334 0.0001126814 0.0002287094 0.0008057138 0.0002950774
831 -0.0107887187 0.0023472139 0.0010595006 0.0012904394 -0.0005147966 -0.0065640828
832 -0.0102506923 0.0037568312 0.0020529689 0.0016701128 0.0017782888 -0.0069278231
833 -0.0076873643 0.0024900463 0.0018063400 0.0005465969 0.0034554801 -0.0055052595
834 -0.0058316508 0.0018469044 0.0014424814 0.0002666371 0.0043295966 -0.0055871068
835 -0.0039157027 0.0012133114 0.0010632155 0.0001794655 0.0046723653 -0.0054596882
836 -0.0020606340 0.0006877295 0.0007090668 0.0002400454 0.0040452739 -0.0064294281
837 0.0004070151 -0.0014389372 0.0012061049 -0.0022890317 0.0026787149 -0.0072882139
838 0.0012100536 -0.0016917337 0.0009980398 -0.0023189497 0.0029088509 0.0023391494
839 0.0003400401 -0.0000720694 0.0001081430 0.0000787019 0.0014528392 0.0014621453
840 0.0001151769 -0.0000907484 0.0000636032 0.0002740981 0.0004497629 0.0003393953
841 -0.0035838214 0.0007768024 0.0003552901 0.0013959921 -0.0001720599 -0.0066309454
842 -0.0034237740 0.0012486964 0.0006874864 0.0018182842 0.0005953628 -0.0076013097
843 -0.0025643338 0.0008339803 0.0006035321 0.0006099440 0.0011512180 -0.0059143204
844 -0.0019438777 0.0006067595 0.0004806252 0.0003031869 0.0014358528 -0.0060371904
845 -0.0012852605 0.0003967641 0.0003646424 0.0001908408 0.0015991830 -0.0059121073
846 -0.0008500790 0.0004387563 0.0002189128 0.0003559376 0.0011714145 -0.0068705296
847 0.0004190363 -0.0017682692 0.0009532370 -0.0027622909 0.0003218540 -0.0080459510
848 0.0006873794 -0.0018525805 0.0008836236 -0.0027971966 0.0015232054 0.0026738424
849 -0.0000486777 0.0001861464 0.0000184506 0.0001761494 0.0006423120 0.0014817959
850 0.0000621376 -0.0000423388 0.0000231506 0.0002867197 0.0001048729 0.0003642077
851 0.0035831609 -0.0007766394 -0.0003553879 0.0013959780 0.0001744030 -0.0066308158
852 0.0034239581 -0.0012493814 -0.0006878672 0.0018182144 -0.0005888334 -0.0076023390
853 0.0025566784 -0.0008238439 -0.0006046718 0.0006100719 -0.0011350999 -0.0059101850
854 0.0019409113 -0.0006260837 -0.0004852296 0.0003054711 -0.0014341786 -0.0060466060
855 0.0013476275 -0.0004258581 -0.0003340401 0.0001664516 -0.0014446496 -0.0059153743
856 0.0003627448 0.0002053940 -0.0002722742 0.0005008927 -0.0016762037 -0.0067428632
857 0.0004387587 -0.0021363987 0.0006967983 -0.0033409944 -0.0020256381 -0.0085042707
858 0.0001722250 -0.0020523687 0.0007660579 -0.0033754555 0.0001600763 0.0031321370
859 -0.0004348090 0.0004581439 -0.0000707699 0.0003200038 -0.0001641756 0.0013538638
860 0.0000119376 -0.0000009415 -0.0000135118 0.0002650620 -0.0002353416 0.0003734664
861 0.0107881185 -0.0023468397 -0.0010595719 0.0012904406 0.0005172733 -0.0065635231
862 0.0102503831 -0.0037576908 -0.0020533990 0.0016698557 -0.0017722578 -0.0069309847
863 0.0076816761 -0.0024807498 -0.0018072764 0.0005468847 -0.0034376570 -0.0054936565
864 0.0058238812 -0.0018601954 -0.0014480924 0.0002743818 -0.0043309791 -0.0056108634
865 0.0039810512 -0.0012624511 -0.0010292757 0.0001028675 -0.0045174534 -0.0054826813
866 0.0016003147 -0.0000098868 -0.0007664003 0.0006843134 -0.0045324063 -0.0060273336
867 0.0004240870 -0.0024909498 0.0003781810 -0.0040542674 -0.0043601306 -0.0086530605
868 -0.0003772811 -0.0022377980 0.0005858246 -0.0040826964 -0.0012479466 0.0037039565
869 -0.0007964496 0.0007482508 -0.0001641899 0.0005193503 -0.0009931500 0.0010595083
870 -0.0000355681 0.0000313725 -0.0000514431 0.0002059000 -0.0005763679 0.0003766301
871 0.0181108327 -0.0039673299 -0.0017457852 0.0010864999 0.0008500627 -0.0063970149
872 0.0170059724 -0.0062944479 -0.0033920770 0.0013900118 -0.0029516601 -0.0055739567
873 0.0128200123 -0.0041345217 -0.0029951319 0.0004348231 -0.0057888346 -0.0047060586
874 0.0097064802 -0.0031036874 -0.0024019158 0.0002203857 -0.0072992044 -0.0047304848
875 0.0066072034 -0.0021203510 -0.0017195054 0.0000026837 -0.0076798297 -0.0046670592
876 0.0028978857 -0.0002111376 -0.0012594995 0.0009089675 -0.0074233464 -0.0047092142
877 0.0003252259 -0.0027679696 -0.0000822069 -0.0048913819 -0.0066362235 -0.0084611771
878 -0.0010107007 -0.0023441245 0.0002625907 -0.0049095800 -0.0028057890 0.0043303688
879 -0.0010984575 0.0010542899 -0.0002601317 0.0007734443 -0.0018748030 0.0005598063
880 -0.0000889009 0.0000549009 -0.0000967053 0.0001058538 -0.0009211154 0.0003896204
881 0.0256436289 -0.0056703351 -0.0024103733 0.0008046032 0.0011683631 -0.0060578876
882 0.0236171398 -0.0088706180 -0.0047003890 0.0010229867 -0.0041194678 -0.0035049186
883 0.0179922917 -0.0057831430 -0.0041684549 0.0003102353 -0.0082137926 -0.0036412420
884 0.0135891593 -0.0043644391 -0.0033462147 0.0001692953 -0.0103640902 -0.0034076836
885 0.0092064425 -0.0030042194 -0.0024108458 -0.0001165527 -0.0109921907 -0.0035759926
886 0.0043159780 -0.0004170457 -0.0017333801 0.0011486297 -0.0103547393 -0.0027830487
887 0.0000779917 -0.0028780599 -0.0008181510 -0.0057192968 -0.0087030425 -0.0078601979
888 -0.0017923055 -0.0022817678 -0.0003372505 -0.0057270886 -0.0047079851 0.0048794268
889 -0.0012785980 0.0013596227 -0.0003401404 0.0010472311 -0.0028414308 -0.0002036773
890 -0.0001751588 0.0000758679 -0.0001582858 -0.0000330811 -0.0012681192 0.0004359777
891 0.0335031290 -0.0074828597 -0.0030800837 0.0004963861 0.0014697591 -0.0054090607
892 0.0299630502 -0.0114791838 -0.0060256352 0.0006707182 -0.0052584029 -0.0006857614
893 0.0232418101 -0.0074227482 -0.0053628160 0.0002527351 -0.0107198900 -0.0024722831
894 0.0174702510 -0.0056488622 -0.0043031855 0.0001774890 -0.0135037647 -0.0016408728
895 0.0117368097 -0.0039102737 -0.0031364626 -0.0001947000 -0.0145098954 -0.0024013376
896 0.0059599846 -0.0006761560 -0.0021328107 0.0012834773 -0.0132957940 -0.0002662408
897 -0.0004060879 -0.0026766727 -0.0021098900 -0.0060566182 -0.0101574431 -0.0067140495
898 -0.0028123562 -0.0019078053 -0.0014900802 -0.0060637387 -0.0073631714 0.0050975852
899 -0.0012244502 0.0016175780 -0.0003388800 0.0012009819 -0.0039167908 -0.0013054274
900 -0.0003596959 0.0001141185 -0.0002534872 -0.0001862708 -0.0016111016 0.0005476575
901 -0.0338195501 0.0070605330 0.0046972012 -0.0000339550 -0.0052571658 -0.0026128665
902 -0.0306726752 0.0110219443 0.0080632432 -0.0002512645 0.0041788623 -0.0018003968
903 -0.0237903323 0.0073473219 0.0060840050 -0.0003586039 0.0068300026 -0.0035982876
904 -0.0177327973 0.0056925997 0.0046824975 -0.0002720087 0.0086607388 -0.0032255364
905 -0.0118092071 0.0036804482 0.0031636851 -0.0002015905 0.0092670790 -0.0034517411
906 -0.0054551672 0.0015366509 0.0017075960 -0.0001755581 0.0083201233 -0.0035981863
907 0.0011432537 -0.0006478170 0.0005825576 -0.0004334833 0.0056334192 -0.0032573068
908 0.0035699838 -0.0014108325 -0.0000641172 -0.0003920719 0.0053764557 -0.0000937957
909 0.0018087039 -0.0007655896 -0.0002047166 -0.0000641885 0.0024857760 0.0002828077
910 0.0004073608 -0.0002211878 -0.0000291112 -0.0000196970 0.0007584089 0.0001645970
911 -0.0259849154 0.0053640523 0.0037867400 0.0006067510 -0.0040636573 -0.0028120186
912 -0.0239129009 0.0084655265 0.0064843516 0.0006557372 0.0032041913 -0.0048589046
913 -0.0183723117 0.0056691568 0.0048851108 0.0000964255 0.0047197481 -0.0065883216
914 -0.0137862962 0.0043586867 0.0037673462 0.0000402101 0.0060386758 -0.0069737142
915 -0.0091777396 0.0028485650 0.0025415408 0.0000022963 0.0064545246 -0.0072258880
916 -0.0042724868 0.0012104215 0.0013665936 -0.0001284314 0.0058290059 -0.0073990661
917 0.0007866978 -0.0004673439 0.0004742729 -0.0011496185 0.0038210603 -0.0061588496
918 0.0026721916 -0.0010557131 -0.0000456477 -0.0011492760 0.0038474598 -0.0012353012
919 0.0013673174 -0.0005595097 -0.0001699907 -0.0001543157 0.0017079919 0.0000975194
920 0.0003045885 -0.0001541267 -0.0000381124 -0.0000067493 0.0005186401 0.0001199341
921 -0.0183960196 0.0037716979 0.0027475669 0.0010380558 -0.0029069829 -0.0029142223
922 -0.0171007209 0.0060046214 0.0046986061 0.0012857108 0.0022704603 -0.0071074240
923 -0.0130662964 0.0040400191 0.0035368000 0.0004082249 0.0031087437 -0.0087918958
924 -0.0098399134 0.0030857023 0.0027326626 0.0002337664 0.0039944912 -0.0096495964
925 -0.0065577685 0.0020357907 0.0018406206 0.0001288003 0.0042718797 -0.0099679679
926 -0.0030727190 0.0008716799 0.0009971846 -0.0001086598 0.0038642968 -0.0101326767
927 0.0005615016 -0.0003126028 0.0003057045 -0.0016581173 0.0023226073 -0.0082471641
928 0.0019080604 -0.0007312711 -0.0000712069 -0.0016845345 0.0027458332 -0.0020570228
929 0.0009514089 -0.0003859152 -0.0001167821 -0.0002219668 0.0011216880 -0.0000313090
930 0.0002100289 -0.0000991947 -0.0000352309 0.0000025533 0.0003316009 0.0000955553
931 -0.0109734788 0.0022405934 0.0016604376 0.0013051681 -0.0017498917 -0.0029607643
932 -0.0102660290 0.0035887514 0.0028375193 0.0016850604 0.0013568766 -0.0085841413
933 -0.0078217015 0.0024238897 0.0021345685 0.0006057137 0.0017743066 -0.0102451757
934 -0.0059017606 0.0018416999 0.0016534027 0.0003470553 0.0022851923 -0.0113756275
935 -0.0039430771 0.0012291397 0.0011095260 0.0002025055 0.0024472713 -0.0117564635
936 -0.0018594431 0.0005173485 0.0006198133 -0.0000959354 0.0022024110 -0.0118993548
937 0.0004255552 -0.0001741146 0.0001059451 -0.0019765406 0.0010054581 -0.0095855241
938 0.0012343540 -0.0004252589 -0.0001218837 -0.0020192638 0.0018882913 -0.0026051705
939 0.0005559903 -0.0002357272 -0.0000542885 -0.0002615108 0.0006448203 -0.0001179321
940 0.0001195792 -0.0000512959 -0.0000259043 0.0000081986 0.0001785539 0.0000838915
941 -0.0036472589 0.0007431976 0.0005550541 0.0014330767 -0.0005841630 -0.0029778231
942 -0.0034233661 0.0011944159 0.0009486464 0.0018790041 0.0004524139 -0.0093156947
943 -0.0026073124 0.0008096299 0.0007128240 0.0007021422 0.0005789006 -0.0109673004
944 -0.0019713215 0.0006113384 0.0005575631 0.0003989187 0.0007502185 -0.0122231963
945 -0.0013308734 0.0004246996 0.0003661042 0.0002365353 0.0008050278 -0.0126390488
946 -0.0006348953 0.0001476525 0.0002437178 -0.0000845486 0.0007009605 -0.0127607553
947 0.0003390863 -0.0000313291 -0.0001218735 -0.0021088132 -0.0002017069 -0.0102110534
948 0.0006107442 -0.0001159422 -0.0001983289 -0.0021592920 0.0011405709 -0.0029078046
949 0.0001762540 -0.0001039289 0.0000158368 -0.0002745538 0.0002206062 -0.0001674695
950 0.0000310058 -0.0000068543 -0.0000138005 0.0000105752 0.0000460416 0.0000797702
951 0.0036474124 -0.0007433054 -0.0005551558 0.0014330729 0.0005856411 -0.0029778822
952 0.0034210670 -0.0011934084 -0.0009473662 0.0018789014 -0.0004494452 -0.0093157311
953 0.0025981102 -0.0008047958 -0.0007139185 0.0007027755 -0.0005742003 -0.0109666718
954 0.0019559357 -0.0006148607 -0.0005423172 0.0003971327 -0.0007301583 -0.0122249657
955 0.0012802502 -0.0003784851 -0.0003818978 0.0002376234 -0.0007842365 -0.0126381265
956 0.0005986120 -0.0002359406 -0.0001259837 -0.0000798708 -0.0007434802 -0.0127499076
957 0.0002642594 0.0001393367 -0.0003812625 -0.0020355862 -0.0013373501 -0.0101374596
958 -0.0000010573 0.0002209471 -0.0003057098 -0.0020860716 0.0003892305 -0.0029816662
959 -0.0001929708 0.0000131287 0.0000939085 -0.0002695285 -0.0001947625 -0.0001777155
960 -0.0000570924 0.0000371661 -0.0000018959 0.0000107591 -0.0000766502 0.0000801506
961 0.0109736131 -0.0022406659 -0.0016605636 0.0013051639 0.0017513682 -0.0029609375
962 0.0102637075 -0.0035878070 -0.0028361781 0.0016847504 -0.0013539146 -0.0085842385
963 0.0078127153 -0.0024190678 -0.0021358366 0.0006075775 -0.0017696723 -0.0102434179
964 0.0058857782 -0.0018450047 -0.0016374505 0.0003415794 -0.0022632101 -0.0113807172
965 0.0038913380 -0.0011804816 -0.0011288149 0.0002083410 -0.0024362463 -0.0117524946
966 0.0018377294 -0.0006307332 -0.0004873000 -0.0000976070 -0.0022241147 -0.0118763246
967 0.0001647923 0.0003572741 -0.0006651724 -0.0017120662 -0.0024251229 -0.0093588795
968 -0.0006377796 0.0006053588 -0.0004381173 -0.0017548488 -0.0004779573 -0.0028325731
969 -0.0005579523 0.0001197089 0.0001785620 -0.0002620593 -0.0006397506 -0.0001392768
970 -0.0001458879 0.0000838108 0.0000072471 0.0000109354 -0.0001994930 0.0000835369
971 0.0183961165 -0.0037717019 -0.0027477331 0.0010380685 0.0029084616 -0.0029144878
972 0.0170983576 -0.0060038087 -0.0046971658 0.0012851999 -0.0022675007 -0.0071075933
973 0.0130576952 -0.0040351375 -0.0035383311 0.0004112005 -0.0031043283 -0.0087891830
974 0.0098228420 -0.0030889043 -0.0027156836 0.0002241690 -0.0039683990 -0.0096580701
975 0.0065042238 -0.0019820424 -0.0018648787 0.0001474532 -0.0042799616 -0.0099556846
976 0.0030763887 -0.0010303175 -0.0008460677 -0.0001636979 -0.0038496115 -0.0101272691
977 0.0000061192 0.0006243104 -0.0009233960 -0.0010753823 -0.0034937342 -0.0078570430
978 -0.0013344257 0.0010397884 -0.0005470074 -0.0011020670 -0.0015842216 -0.0024482353
979 -0.0009277170 0.0002245085 0.0002592517 -0.0002748052 -0.0011528603 -0.0000344344
980 -0.0002362256 0.0001360808 0.0000121699 0.0000147381 -0.0003339347 0.0000890793
981 0.0259849705 -0.0053639216 -0.0037869321 0.0006067995 0.0040651634 -0.0028122311
982 0.0239104278 -0.0084649891 -0.0064828569 0.0006550633 -0.0032012731 -0.0048594696
983 0.0183643662 -0.0056638904 -0.0048866447 0.0001002967 -0.0047155880 -0.0065839322
984 0.0137672264 -0.0043623951 -0.0037507075 0.0000256081 -0.0060067671 -0.0069886335
985 0.0091241971 -0.0027885100 -0.0025638735 0.0000474898 -0.0064875358 -0.0071904003
986 0.0043018052 -0.0014163249 -0.0012332715 -0.0003104943 -0.0057755641 -0.0074643894
987 -0.0002431318 0.0008918077 -0.0009799662 -0.0000748680 -0.0046152162 -0.0056185430
988 -0.0021228624 0.0014768153 -0.0004603204 -0.0000753460 -0.0030631480 -0.0017766602
989 -0.0013179349 0.0003508110 0.0002945916 -0.0003324779 -0.0017778472 0.0001643137
990 -0.0003270171 0.0001954069 0.0000157150 0.0000266409 -0.0004959397 0.0000953479
991 0.0338196469 -0.0070600016 -0.0046973151 -0.0000338214 0.0052589589 -0.0026122192
992 0.0306696700 -0.0110221369 -0.0080620265 -0.0002520641 -0.0041765780 -0.0018031098
993 0.0237843018 -0.0073408080 -0.0060839635 -0.0003541324 -0.0068244886 -0.0035877487
994 0.0177078971 -0.0056971669 -0.0046739185 -0.0002925643 -0.0086260519 -0.0032596459
995 0.0117666637 -0.0036222026 -0.0031475868 -0.0001146906 -0.0093168625 -0.0033572708
996 0.0054851154 -0.0017346906 -0.0017574806 -0.0005575253 -0.0082511432 -0.0038117767
997 -0.0006067990 0.0009743708 -0.0003111785 0.0012370424 -0.0059952210 -0.0026803522
998 -0.0030278232 0.0017341498 0.0003347549 0.0012766427 -0.0050247921 -0.0006708434
999 -0.0017597792 0.0005646077 0.0001484375 -0.0004398571 -0.0025729326 0.0004931359
1000 -0.0004100777 0.0002559969 0.0000357340 0.0000476401 -0.0007097250 0.0000989097
